0 0.205 0.505 0.185 0.505 0.175 0.515 0.175 0.52 0.17 0.525 0.17 0.54 0.165 0.545 0.165 0.55 0.155 0.56 0.155 0.565 0.14 0.58 0.14 0.6 0.135 0.605 0.135 0.735 0.14 0.74 0.14 0.765 0.145 0.77 0.145 0.79 0.15 0.795 0.15 0.81 0.155 0.815 0.155 0.83 0.165 0.84 0.165 0.835 0.175 0.825 0.175 0.815 0.18 0.81 0.18 0.795 0.185 0.79 0.185 0.78 0.18 0.775 0.18 0.72 0.185 0.715 0.185 0.675 0.19 0.67 0.19 0.66 0.195 0.655 0.195 0.625 0.2 0.62 0.2 0.595 0.205 0.59 0.205 0.56 0.21 0.555 0.21 0.51
0 0.14 0.895 0.135 0.9 0.135 0.995 0.15 0.995 0.15 0.895
0 0.685 0.075 0.685 0.08 0.68 0.085 0.68 0.1 0.665 0.115 0.655 0.115 0.65 0.12 0.65 0.125 0.645 0.13 0.645 0.145 0.635 0.155 0.635 0.17 0.63 0.175 0.63 0.185 0.62 0.195 0.62 0.2 0.615 0.205 0.615 0.215 0.61 0.22 0.61 0.225 0.605 0.23 0.605 0.24 0.6 0.245 0.6 0.25 0.595 0.255 0.595 0.265 0.59 0.27 0.59 0.275 0.585 0.28 0.585 0.295 0.58 0.3 0.58 0.325 0.575 0.33 0.575 0.365 0.57 0.37 0.57 0.44 0.575 0.445 0.575 0.455 0.585 0.465 0.585 0.52 0.59 0.525 0.59 0.53 0.595 0.53 0.61 0.515 0.615 0.515 0.62 0.52 0.63 0.51 0.63 0.505 0.635 0.5 0.635 0.48 0.64 0.475 0.64 0.465 0.645 0.46 0.645 0.455 0.65 0.45 0.65 0.445 0.67 0.425 0.67 0.42 0.665 0.415 0.67 0.41 0.67 0.33 0.675 0.325 0.675 0.32 0.68 0.315 0.68 0.31 0.685 0.305 0.685 0.27 0.69 0.265 0.69 0.26 0.685 0.255 0.69 0.25 0.69 0.18 0.695 0.175 0.69 0.17 0.69 0.165 0.695 0.16 0.69 0.155 0.695 0.15 0.695 0.145 0.69 0.14 0.695 0.135 0.695 0.115 0.69 0.11 0.695 0.105 0.69 0.1 0.69 0.085 0.685 0.08
0 0.775 0.505 0.77 0.51 0.77 0.52 0.765 0.525 0.765 0.54 0.76 0.545 0.76 0.565 0.755 0.57 0.755 0.58 0.75 0.585 0.75 0.605 0.745 0.61 0.745 0.63 0.74 0.635 0.74 0.645 0.745 0.65 0.745 0.655 0.74 0.66 0.74 0.665 0.735 0.67 0.73 0.67 0.73 0.685 0.725 0.69 0.725 0.7 0.73 0.705 0.73 0.715 0.735 0.71 0.735 0.705 0.74 0.7 0.745 0.7 0.75 0.705 0.75 0.745 0.745 0.75 0.735 0.75 0.74 0.755 0.74 0.785 0.735 0.79 0.735 0.82 0.73 0.825 0.73 0.9 0.735 0.905 0.735 0.89 0.74 0.885 0.74 0.825 0.745 0.82 0.74 0.815 0.745 0.81 0.745 0.75 0.75 0.745 0.75 0.71 0.755 0.705 0.755 0.665 0.76 0.66 0.76 0.655 0.765 0.65 0.765 0.63 0.77 0.625 0.77 0.6 0.775 0.595
0 0.78 0.975 0.775 0.98 0.775 0.995 0.795 0.995 0.79 0.99 0.79 0.975
0 0.7 0.97 0.695 0.97 0.69 0.975 0.69 0.99 0.685 0.995 0.705 0.995 0.705 0.975
0 0.62 0.945 0.615 0.945 0.615 0.95 0.61 0.955 0.61 0.995 0.62 0.995
0 0.15 0.895 0.14 0.895 0.14 0.9 0.135 0.905 0.135 0.935 0.14 0.94 0.135 0.945 0.135 0.965 0.14 0.965 0.145 0.97 0.14 0.975 0.14 0.98 0.145 0.98 0.145 0.935 0.15 0.93
0 0.195 0.495 0.185 0.495 0.18 0.5 0.175 0.5 0.17 0.505 0.17 0.52 0.165 0.525 0.17 0.53 0.165 0.535 0.165 0.545 0.155 0.555 0.15 0.55 0.145 0.555 0.145 0.56 0.15 0.565 0.14 0.575 0.14 0.585 0.135 0.59 0.135 0.635 0.13 0.64 0.13 0.65 0.135 0.655 0.135 0.745 0.14 0.75 0.14 0.765 0.145 0.77 0.145 0.795 0.15 0.8 0.15 0.82 0.155 0.825 0.155 0.84 0.16 0.845 0.16 0.85 0.17 0.84 0.17 0.83 0.175 0.825 0.175 0.82 0.18 0.815 0.18 0.8 0.185 0.795 0.185 0.75 0.18 0.745 0.185 0.74 0.185 0.735 0.18 0.73 0.185 0.725 0.185 0.68 0.19 0.675 0.19 0.66 0.195 0.655 0.195 0.63 0.2 0.625 0.195 0.62 0.2 0.615 0.2 0.595 0.205 0.59 0.205 0.555 0.21 0.55 0.21 0.505 0.205 0.5 0.2 0.5
0 0.175 0.105 0.17 0.105 0.165 0.11 0.165 0.115 0.16 0.12 0.16 0.215 0.155 0.22 0.155 0.33 0.16 0.335 0.155 0.34 0.155 0.345 0.16 0.35 0.16 0.345 0.155 0.34 0.165 0.33 0.17 0.33 0.17 0.325 0.175 0.32 0.17 0.315 0.17 0.3 0.175 0.295 0.175 0.29 0.17 0.285 0.175 0.28 0.175 0.225 0.18 0.22 0.18 0.12 0.175 0.115
