0 0.425 0.555 0.425 0.585 0.43 0.59 0.43 0.6 0.435 0.605 0.435 0.635 0.44 0.64 0.44 0.66 0.445 0.655 0.445 0.635 0.45 0.63 0.45 0.625 0.445 0.62 0.445 0.6 0.44 0.595 0.44 0.575 0.435 0.57 0.435 0.56 0.43 0.555
0 0.515 0.63 0.51 0.63 0.51 0.655 0.505 0.66 0.505 0.69 0.51 0.695 0.51 0.7 0.51 0.695 0.515 0.69
0 0.51 0.495 0.51 0.53 0.515 0.535 0.515 0.555 0.515 0.545 0.52 0.54 0.52 0.505 0.515 0.5 0.515 0.495
0 0.595 0.685 0.59 0.69 0.59 0.735 0.595 0.74 0.595 0.785 0.6 0.79 0.6 0.805 0.605 0.81 0.605 0.83 0.605 0.72 0.6 0.715 0.6 0.69
0 0.53 0.695 0.53 0.7 0.525 0.705 0.525 0.72 0.53 0.725 0.53 0.735 0.535 0.735 0.535 0.71 0.54 0.705 0.54 0.7 0.535 0.695
0 0.28 0.72 0.275 0.725 0.275 0.76 0.27 0.765 0.27 0.815 0.275 0.82 0.275 0.845 0.28 0.85 0.28 0.855 0.285 0.85 0.285 0.84 0.29 0.835 0.285 0.83 0.29 0.825 0.29 0.8 0.285 0.795 0.29 0.79 0.285 0.785 0.285 0.725
0 0.345 0.895 0.34 0.895 0.335 0.9 0.335 0.92 0.34 0.925 0.34 0.93 0.345 0.925
0 0.365 0.77 0.365 0.83 0.37 0.835 0.37 0.84 0.37 0.83 0.375 0.825 0.37 0.82 0.37 0.81 0.375 0.805 0.375 0.79 0.37 0.785 0.37 0.77
0 0.72 0.945 0.715 0.95 0.715 0.995 0.72 0.995 0.72 0.96 0.725 0.955 0.725 0.95
0 0.995 0.63 0.99 0.635 0.99 0.72 0.995 0.725
0 0.425 0.25 0.425 0.26 0.42 0.265 0.42 0.34 0.425 0.345 0.43 0.345 0.43 0.315 0.435 0.31 0.435 0.28 0.43 0.275 0.43 0.255
0 0.48 0.115 0.475 0.115 0.47 0.12 0.47 0.18 0.465 0.185 0.465 0.19 0.47 0.195 0.47 0.205 0.475 0.205 0.475 0.19 0.48 0.185
0 0.95 0.245 0.95 0.25 0.945 0.255 0.945 0.345 0.95 0.35 0.95 0.365 0.955 0.36 0.955 0.25
0 0.76 0.155 0.76 0.185 0.765 0.185 0.765 0.155
0 0.535 0.32 0.535 0.365 0.54 0.37 0.54 0.38 0.545 0.38 0.545 0.33 0.54 0.325 0.54 0.32
0 0.67 0.49 0.665 0.49 0.665 0.495 0.66 0.5 0.66 0.545 0.665 0.54 0.665 0.535 0.67 0.53
0 0.66 0.96 0.655 0.96 0.65 0.965 0.65 0.995 0.66 0.995 0.66 0.975 0.67 0.965 0.665 0.965
0 0.72 0.945 0.715 0.945 0.715 0.955 0.71 0.96 0.71 0.995 0.72 0.995
0 0.695 0.82 0.69 0.82 0.685 0.825 0.685 0.845 0.68 0.85 0.68 0.89 0.675 0.895 0.675 0.905 0.67 0.91 0.67 0.94 0.675 0.945 0.67 0.95 0.67 0.955 0.68 0.955 0.68 0.915 0.685 0.91 0.685 0.895 0.69 0.89 0.685 0.885 0.69 0.88 0.69 0.855 0.695 0.85 0.695 0.83 0.7 0.825
0 0.45 0.905 0.45 0.945 0.455 0.945 0.455 0.93 0.46 0.925 0.46 0.92 0.455 0.915 0.455 0.905
0 0.55 0.885 0.545 0.885 0.545 0.89 0.54 0.895 0.54 0.9 0.535 0.905 0.53 0.9 0.53 0.885 0.525 0.885 0.525 0.895 0.52 0.9 0.52 0.91 0.525 0.915 0.525 0.92 0.53 0.92 0.53 0.91 0.535 0.905 0.55 0.905
