0 0.47 0.535 0.46 0.545 0.46 0.555 0.45 0.565 0.45 0.57 0.445 0.575 0.445 0.58 0.45 0.585 0.445 0.59 0.445 0.615 0.44 0.62 0.44 0.63 0.435 0.635 0.43 0.635 0.435 0.64 0.43 0.645 0.43 0.65 0.435 0.65 0.43 0.645 0.435 0.64 0.44 0.64 0.445 0.645 0.445 0.675 0.44 0.68 0.44 0.69 0.435 0.695 0.43 0.69 0.43 0.665 0.42 0.675 0.415 0.67 0.415 0.645 0.41 0.64 0.415 0.635 0.41 0.635 0.4 0.65 0.4 0.75 0.405 0.755 0.41 0.755 0.415 0.75 0.415 0.74 0.42 0.735 0.415 0.73 0.425 0.72 0.445 0.72 0.44 0.715 0.445 0.71 0.45 0.71 0.455 0.705 0.455 0.695 0.46 0.69 0.465 0.69 0.47 0.695 0.47 0.7 0.465 0.705 0.47 0.71 0.47 0.755 0.475 0.76 0.475 0.78 0.485 0.795 0.485 0.805 0.49 0.81 0.495 0.805 0.5 0.805 0.5 0.8 0.505 0.795 0.505 0.78 0.51 0.775 0.515 0.775 0.52 0.78 0.52 0.8 0.525 0.805 0.525 0.82 0.535 0.835 0.535 0.855 0.54 0.86 0.54 0.87 0.545 0.875 0.55 0.87 0.55 0.865 0.565 0.84 0.565 0.82 0.57 0.815 0.57 0.785 0.575 0.78 0.575 0.76 0.58 0.755 0.58 0.74 0.585 0.735 0.58 0.73 0.585 0.725 0.585 0.72 0.59 0.715 0.595 0.72 0.595 0.725 0.6 0.73 0.595 0.735 0.605 0.745 0.595 0.76 0.595 0.78 0.6 0.785 0.6 0.805 0.605 0.81 0.605 0.805 0.61 0.8 0.61 0.77 0.615 0.765 0.61 0.76 0.615 0.755 0.625 0.755 0.63 0.75 0.635 0.75 0.64 0.755 0.65 0.745 0.665 0.74 0.665 0.705 0.655 0.705 0.655 0.71 0.65 0.715 0.645 0.71 0.64 0.71 0.635 0.715 0.63 0.71 0.63 0.695 0.625 0.69 0.625 0.675 0.62 0.67 0.625 0.665 0.62 0.66 0.62 0.65 0.615 0.645 0.615 0.635 0.595 0.61 0.6 0.605 0.59 0.595 0.59 0.59 0.585 0.585 0.58 0.57 0.57 0.56 0.54 0.56 0.53 0.55 0.53 0.54 0.525 0.535 0.52 0.535 0.51 0.55 0.51 0.57 0.505 0.575 0.505 0.59 0.5 0.595 0.495 0.59 0.495 0.555 0.49 0.555 0.48 0.545 0.48 0.54 0.475 0.54
0 0.55 0.0 0.495 0.0 0.495 0.025 0.5 0.03 0.5 0.035 0.505 0.04 0.505 0.085 0.5 0.09 0.495 0.085 0.495 0.045 0.49 0.05 0.485 0.05 0.49 0.05 0.495 0.055 0.495 0.06 0.49 0.065 0.485 0.065 0.49 0.07 0.48 0.08 0.48 0.09 0.475 0.095 0.47 0.09 0.47 0.075 0.465 0.07 0.465 0.055 0.46 0.05 0.465 0.055 0.465 0.06 0.46 0.065 0.46 0.135 0.455 0.14 0.455 0.17 0.46 0.175 0.46 0.19 0.46 0.185 0.465 0.18 0.465 0.175 0.47 0.17 0.47 0.15 0.475 0.145 0.49 0.145 0.495 0.14 0.495 0.135 0.5 0.13 0.515 0.13 0.515 0.1 0.52 0.095 0.52 0.085 0.525 0.08 0.535 0.09 0.54 0.09 0.54 0.085 0.545 0.08 0.545 0.055 0.55 0.05
0 0.455 0.0 0.455 0.025 0.46 0.03 0.46 0.035 0.47 0.025 0.475 0.025 0.48 0.03 0.475 0.025 0.475 0.02 0.48 0.015 0.48 0.0
0 0.645 0.48 0.64 0.485 0.64 0.51 0.635 0.515 0.635 0.52 0.64 0.525 0.64 0.535 0.645 0.535
0 0.37 0.315 0.37 0.325 0.365 0.33 0.37 0.335 0.37 0.34 0.365 0.345 0.365 0.35 0.37 0.355 0.365 0.36 0.365 0.41 0.355 0.42 0.355 0.445 0.35 0.45 0.35 0.52 0.355 0.525 0.355 0.535 0.36 0.535 0.36 0.52 0.365 0.515 0.365 0.43 0.37 0.425 0.37 0.42 0.375 0.415 0.385 0.425 0.385 0.46 0.39 0.465 0.39 0.485 0.395 0.49 0.4 0.49 0.4 0.455 0.405 0.45 0.405 0.38 0.41 0.375 0.405 0.37 0.415 0.36 0.41 0.355 0.41 0.35 0.415 0.345 0.41 0.34 0.41 0.325 0.4 0.325 0.4 0.33 0.405 0.335 0.39 0.35 0.385 0.345 0.375 0.345 0.37 0.34
0 0.545 0.305 0.545 0.31 0.54 0.315 0.54 0.34 0.535 0.345 0.535 0.35 0.54 0.355 0.535 0.36 0.53 0.36 0.525 0.355 0.525 0.345 0.525 0.355 0.52 0.36 0.525 0.365 0.53 0.36 0.535 0.365 0.535 0.37 0.53 0.375 0.525 0.375 0.525 0.38 0.53 0.385 0.525 0.39 0.525 0.395 0.53 0.4 0.525 0.405 0.525 0.41 0.53 0.415 0.525 0.42 0.525 0.425 0.525 0.42 0.53 0.415 0.535 0.42 0.535 0.425 0.54 0.43 0.54 0.435 0.535 0.44 0.54 0.445 0.54 0.45 0.535 0.455 0.54 0.46 0.54 0.49 0.545 0.49 0.55 0.485 0.555 0.485 0.555 0.42 0.55 0.415 0.55 0.405 0.545 0.4 0.545 0.32 0.55 0.315 0.545 0.31
0 0.345 0.235 0.345 0.245 0.34 0.25 0.34 0.285 0.345 0.29 0.34 0.295 0.35 0.305 0.35 0.315 0.355 0.315 0.355 0.31 0.35 0.305 0.355 0.3 0.355 0.295 0.35 0.29 0.355 0.285 0.355 0.28 0.35 0.275 0.355 0.27 0.355 0.245 0.35 0.24 0.35 0.235
0 0.305 0.14 0.3 0.145 0.3 0.185 0.305 0.19 0.305 0.195 0.31 0.195 0.31 0.155 0.305 0.15
0 0.46 0.13 0.46 0.15 0.455 0.155 0.455 0.16 0.46 0.165 0.455 0.17 0.455 0.175 0.46 0.18 0.46 0.185 0.46 0.175 0.465 0.17 0.46 0.165 0.46 0.16 0.465 0.155 0.465 0.135
0 0.335 0.095 0.325 0.105 0.325 0.16 0.33 0.16 0.335 0.155
0 0.71 0.08 0.7 0.08 0.7 0.095 0.695 0.1 0.695 0.12 0.7 0.125 0.705 0.125 0.705 0.12 0.71 0.115
