0 0.05 0.445 0.05 0.46 0.045 0.465 0.045 0.555 0.05 0.56 0.05 0.575 0.055 0.58 0.06 0.58 0.06 0.565 0.065 0.56 0.065 0.505 0.06 0.5 0.06 0.47 0.055 0.465 0.055 0.45
0 0.17 0.425 0.17 0.43 0.165 0.435 0.165 0.51 0.17 0.515 0.17 0.525 0.175 0.53 0.175 0.535 0.18 0.54 0.185 0.535 0.185 0.52 0.19 0.515 0.19 0.46 0.185 0.455 0.185 0.44 0.18 0.435 0.18 0.43 0.175 0.425
0 0.1 0.12 0.095 0.125 0.09 0.125 0.09 0.14 0.085 0.145 0.085 0.155 0.08 0.16 0.075 0.155 0.075 0.145 0.07 0.15 0.075 0.155 0.07 0.16 0.07 0.185 0.065 0.19 0.065 0.215 0.06 0.22 0.06 0.42 0.065 0.42 0.065 0.415 0.07 0.41 0.07 0.395 0.075 0.39 0.075 0.365 0.08 0.36 0.075 0.355 0.08 0.35 0.08 0.325 0.085 0.32 0.085 0.3 0.09 0.295 0.09 0.28 0.095 0.275 0.095 0.26 0.1 0.255 0.1 0.24 0.105 0.235 0.105 0.225 0.11 0.22 0.11 0.205 0.115 0.2 0.115 0.145 0.11 0.14 0.11 0.13
0 0.0 0.71 0.0 0.77 0.0 0.765 0.005 0.76 0.005 0.715
0 0.02 0.6 0.02 0.605 0.015 0.61 0.015 0.62 0.01 0.625 0.01 0.66 0.015 0.665 0.015 0.675 0.02 0.68 0.02 0.685 0.025 0.69 0.025 0.695 0.03 0.7 0.03 0.705 0.04 0.715 0.04 0.72 0.045 0.715 0.045 0.695 0.035 0.685 0.035 0.66 0.03 0.655 0.03 0.605 0.025 0.6
0 0.325 0.93 0.32 0.935 0.32 0.97 0.315 0.975 0.315 0.985 0.31 0.99 0.31 0.995 0.335 0.995 0.335 0.965 0.33 0.96 0.335 0.955 0.33 0.95 0.33 0.94 0.325 0.935
0 0.335 0.76 0.33 0.765 0.33 0.825 0.335 0.83 0.335 0.865 0.34 0.87 0.34 0.925 0.345 0.93 0.34 0.935 0.34 0.94 0.345 0.94 0.345 0.93 0.35 0.925 0.35 0.92 0.345 0.915 0.35 0.91 0.35 0.9 0.355 0.895 0.355 0.81 0.35 0.805 0.35 0.78 0.335 0.765
0 0.285 0.67 0.285 0.685 0.28 0.69 0.28 0.705 0.285 0.71 0.285 0.74 0.29 0.745 0.29 0.765 0.285 0.77 0.285 0.85 0.29 0.855 0.285 0.86 0.29 0.865 0.29 0.87 0.295 0.865 0.295 0.855 0.3 0.85 0.3 0.815 0.305 0.81 0.305 0.8 0.3 0.795 0.305 0.79 0.305 0.785 0.3 0.78 0.305 0.775 0.305 0.77 0.3 0.765 0.305 0.76 0.305 0.75 0.3 0.745 0.3 0.715 0.295 0.71 0.295 0.675 0.29 0.67
0 0.34 0.0 0.34 0.08 0.335 0.085 0.335 0.12 0.34 0.125 0.34 0.18 0.345 0.185 0.345 0.195 0.35 0.2 0.35 0.205 0.36 0.205 0.365 0.21 0.365 0.245 0.37 0.25 0.37 0.265 0.37 0.26 0.375 0.255 0.38 0.26 0.38 0.265 0.385 0.27 0.385 0.28 0.395 0.29 0.395 0.335 0.4 0.34 0.4 0.355 0.405 0.355 0.41 0.35 0.41 0.25 0.415 0.245 0.415 0.23 0.42 0.225 0.42 0.215 0.43 0.205 0.435 0.205 0.44 0.21 0.44 0.23 0.445 0.235 0.445 0.24 0.44 0.245 0.44 0.325 0.445 0.33 0.445 0.37 0.45 0.375 0.45 0.385 0.455 0.39 0.455 0.395 0.46 0.4 0.46 0.405 0.465 0.405 0.47 0.4 0.47 0.39 0.475 0.385 0.475 0.34 0.48 0.335 0.48 0.315 0.485 0.31 0.485 0.26 0.49 0.255 0.49 0.18 0.495 0.175 0.495 0.12 0.49 0.115 0.49 0.09 0.485 0.085 0.485 0.065 0.475 0.055 0.475 0.05 0.47 0.045 0.47 0.035 0.46 0.035 0.45 0.025 0.45 0.02 0.445 0.02 0.44 0.025 0.435 0.025 0.43 0.02 0.43 0.025 0.425 0.03 0.42 0.025 0.42 0.02 0.415 0.015 0.42 0.01 0.42 0.005 0.415 0.005 0.41 0.0
0 0.34 0.44 0.34 0.52 0.345 0.525 0.345 0.55 0.35 0.555 0.35 0.56 0.355 0.56 0.36 0.555 0.36 0.49 0.355 0.485 0.355 0.47 0.35 0.465 0.35 0.455 0.345 0.45 0.345 0.44
0 0.365 0.325 0.365 0.33 0.36 0.335 0.36 0.34 0.355 0.345 0.355 0.415 0.36 0.42 0.36 0.43 0.365 0.435 0.365 0.445 0.37 0.45 0.37 0.475 0.375 0.48 0.375 0.485 0.375 0.345 0.37 0.34 0.37 0.33
0 0.805 0.305 0.8 0.305 0.8 0.31 0.79 0.32 0.79 0.325 0.785 0.33 0.785 0.345 0.78 0.35 0.78 0.42 0.785 0.425 0.785 0.455 0.79 0.46 0.79 0.495 0.795 0.495 0.795 0.48 0.8 0.475 0.8 0.455 0.805 0.45 0.805 0.42 0.81 0.415 0.81 0.365 0.815 0.36 0.815 0.34 0.81 0.335 0.81 0.315 0.805 0.31
0 0.545 0.715 0.54 0.72 0.54 0.73 0.545 0.735 0.545 0.745 0.54 0.75 0.54 0.77 0.545 0.775 0.545 0.79 0.54 0.795 0.54 0.83 0.545 0.835 0.545 0.845 0.555 0.855 0.56 0.855 0.565 0.85 0.565 0.81 0.56 0.805 0.56 0.76 0.555 0.755 0.555 0.73 0.55 0.725 0.55 0.72
0 0.53 0.575 0.53 0.59 0.525 0.595 0.525 0.605 0.53 0.61 0.53 0.64 0.535 0.645 0.535 0.655 0.54 0.66 0.54 0.69 0.535 0.695 0.54 0.69 0.545 0.695 0.545 0.7 0.54 0.705 0.55 0.695 0.545 0.69 0.545 0.685 0.55 0.68 0.545 0.675 0.545 0.62 0.54 0.615 0.54 0.585 0.535 0.58 0.535 0.575
