0 0.18 0.395 0.18 0.4 0.175 0.405 0.175 0.435 0.17 0.44 0.175 0.445 0.175 0.47 0.18 0.475 0.18 0.465 0.185 0.46 0.185 0.4
0 0.515 0.35 0.51 0.355 0.51 0.36 0.505 0.365 0.505 0.375 0.5 0.38 0.5 0.395 0.495 0.4 0.495 0.405 0.49 0.41 0.49 0.415 0.475 0.43 0.47 0.43 0.465 0.435 0.465 0.45 0.46 0.455 0.46 0.49 0.465 0.495 0.465 0.55 0.47 0.555 0.47 0.58 0.475 0.585 0.48 0.585 0.485 0.58 0.485 0.56 0.49 0.555 0.49 0.465 0.495 0.46 0.495 0.45 0.5 0.445 0.5 0.435 0.505 0.43 0.505 0.415 0.51 0.41 0.51 0.405 0.515 0.4
0 0.165 0.0 0.165 0.08 0.17 0.085 0.17 0.14 0.165 0.145 0.165 0.16 0.17 0.165 0.17 0.19 0.175 0.195 0.18 0.195 0.185 0.19 0.185 0.125 0.18 0.12 0.18 0.11 0.175 0.105 0.175 0.0
0 0.64 0.895 0.635 0.895 0.63 0.9 0.63 0.945 0.625 0.95 0.625 0.975 0.63 0.98 0.625 0.985 0.63 0.99 0.63 0.995 0.64 0.995 0.64 0.975 0.645 0.97 0.645 0.905 0.64 0.9
0 0.475 0.815 0.47 0.82 0.47 0.86 0.475 0.865 0.475 0.875 0.48 0.88 0.485 0.875 0.485 0.87 0.49 0.865 0.49 0.83 0.485 0.825 0.485 0.82 0.48 0.815
0 0.89 0.72 0.885 0.725 0.885 0.745 0.88 0.75 0.88 0.85 0.885 0.855 0.885 0.85 0.89 0.845 0.89 0.815 0.895 0.81 0.895 0.725
0 0.21 0.66 0.205 0.665 0.205 0.69 0.21 0.695 0.21 0.705 0.215 0.705 0.22 0.7 0.215 0.695 0.215 0.665
0 0.68 0.33 0.675 0.335 0.675 0.365 0.68 0.37 0.68 0.385 0.685 0.385 0.68 0.38 0.68 0.375 0.685 0.37 0.68 0.365 0.68 0.36 0.685 0.355 0.685 0.34 0.68 0.335
0 0.7 0.095 0.7 0.115 0.695 0.12 0.695 0.16 0.69 0.165 0.69 0.22 0.695 0.225 0.695 0.24 0.7 0.235 0.7 0.22 0.705 0.215 0.705 0.195 0.71 0.19 0.71 0.12 0.705 0.115 0.705 0.1
0 0.725 0.0 0.725 0.02 0.73 0.025 0.73 0.055 0.74 0.065 0.74 0.07 0.745 0.075 0.745 0.08 0.75 0.075 0.75 0.0
0 0.655 0.0 0.655 0.05 0.66 0.055 0.66 0.075 0.675 0.09 0.675 0.095 0.68 0.1 0.685 0.1 0.685 0.08 0.68 0.075 0.68 0.06 0.675 0.055 0.675 0.0
