0 0.65 0.0 0.615 0.0 0.615 0.045 0.62 0.05 0.62 0.075 0.615 0.08 0.615 0.125 0.61 0.13 0.61 0.14 0.605 0.145 0.605 0.155 0.6 0.16 0.6 0.18 0.595 0.185 0.595 0.3 0.59 0.305 0.59 0.325 0.595 0.33 0.595 0.335 0.605 0.335 0.605 0.33 0.61 0.325 0.61 0.315 0.615 0.31 0.615 0.27 0.62 0.265 0.62 0.19 0.625 0.185 0.625 0.165 0.63 0.16 0.63 0.15 0.635 0.145 0.635 0.135 0.64 0.13 0.64 0.115 0.645 0.11 0.645 0.09 0.65 0.085
0 0.435 0.635 0.435 0.64 0.43 0.645 0.43 0.79 0.425 0.795 0.425 0.8 0.415 0.81 0.415 0.835 0.41 0.84 0.41 0.87 0.405 0.875 0.405 0.89 0.4 0.895 0.4 0.925 0.395 0.93 0.395 0.94 0.4 0.945 0.4 0.995 0.49 0.995 0.49 0.98 0.495 0.975 0.495 0.95 0.5 0.945 0.5 0.94 0.505 0.935 0.505 0.925 0.51 0.92 0.51 0.915 0.515 0.91 0.515 0.815 0.51 0.81 0.51 0.8 0.505 0.795 0.505 0.775 0.5 0.77 0.5 0.76 0.495 0.755 0.495 0.75 0.49 0.75 0.475 0.735 0.47 0.735 0.455 0.72 0.455 0.715 0.45 0.71 0.45 0.695 0.445 0.69 0.445 0.66 0.44 0.655 0.44 0.64
0 0.61 0.925 0.605 0.93 0.605 0.995 0.64 0.995 0.64 0.955 0.635 0.95 0.635 0.945 0.635 0.985 0.63 0.99 0.625 0.985 0.625 0.955 0.62 0.95 0.62 0.93 0.615 0.925
0 0.685 0.835 0.68 0.835 0.68 0.84 0.675 0.845 0.675 0.85 0.67 0.855 0.67 0.955 0.675 0.96 0.68 0.96 0.685 0.955 0.685 0.945 0.69 0.94 0.69 0.925 0.695 0.92 0.695 0.85 0.69 0.845 0.69 0.84
0 0.62 0.635 0.62 0.645 0.615 0.65 0.615 0.69 0.62 0.695 0.62 0.7 0.615 0.705 0.62 0.71 0.62 0.745 0.625 0.75 0.625 0.765 0.63 0.77 0.63 0.78 0.635 0.785 0.635 0.8 0.64 0.805 0.64 0.845 0.645 0.85 0.65 0.85 0.65 0.845 0.645 0.84 0.645 0.835 0.65 0.83 0.65 0.795 0.645 0.79 0.645 0.77 0.64 0.765 0.64 0.75 0.635 0.745 0.635 0.725 0.64 0.72 0.64 0.645 0.635 0.64 0.635 0.635
0 0.135 0.655 0.135 0.67 0.13 0.675 0.13 0.68 0.125 0.685 0.125 0.69 0.12 0.695 0.12 0.72 0.115 0.725 0.115 0.75 0.11 0.755 0.11 0.91 0.115 0.915 0.115 0.97 0.12 0.975 0.12 0.995 0.14 0.995 0.14 0.98 0.145 0.975 0.145 0.84 0.14 0.835 0.14 0.8 0.145 0.795 0.145 0.675 0.135 0.665
0 0.22 0.4 0.21 0.41 0.21 0.425 0.205 0.43 0.205 0.475 0.2 0.48 0.2 0.505 0.195 0.51 0.195 0.525 0.185 0.535 0.185 0.54 0.18 0.545 0.18 0.55 0.175 0.555 0.175 0.565 0.17 0.57 0.17 0.64 0.175 0.645 0.175 0.68 0.18 0.685 0.18 0.705 0.185 0.71 0.185 0.725 0.19 0.73 0.19 0.74 0.195 0.745 0.195 0.8 0.2 0.805 0.2 0.83 0.205 0.835 0.205 0.855 0.21 0.86 0.215 0.86 0.215 0.855 0.22 0.85 0.22 0.84 0.225 0.835 0.225 0.81 0.23 0.805 0.23 0.785 0.235 0.78 0.235 0.74 0.23 0.735 0.23 0.72 0.225 0.715 0.225 0.675 0.22 0.67 0.22 0.62 0.215 0.615 0.215 0.405
0 0.14 0.0 0.135 0.0 0.13 0.005 0.13 0.03 0.125 0.035 0.125 0.045 0.12 0.05 0.12 0.06 0.125 0.065 0.125 0.07 0.12 0.075 0.12 0.205 0.115 0.21 0.115 0.245 0.105 0.255 0.105 0.485 0.11 0.49 0.11 0.52 0.115 0.525 0.115 0.55 0.12 0.555 0.12 0.565 0.125 0.565 0.13 0.56 0.13 0.555 0.135 0.55 0.135 0.53 0.14 0.525 0.14 0.52 0.145 0.515 0.145 0.49 0.15 0.485 0.15 0.46 0.155 0.455 0.155 0.44 0.17 0.425 0.17 0.41 0.175 0.405 0.175 0.395 0.18 0.39 0.18 0.375 0.185 0.37 0.185 0.335 0.19 0.33 0.19 0.315 0.195 0.31 0.195 0.285 0.2 0.28 0.2 0.24 0.205 0.235 0.205 0.12 0.2 0.115 0.2 0.085 0.195 0.08 0.185 0.08 0.185 0.085 0.18 0.09 0.17 0.08 0.17 0.07 0.16 0.06 0.155 0.06 0.15 0.055 0.15 0.05 0.145 0.045 0.145 0.04 0.15 0.035 0.145 0.03 0.15 0.025 0.145 0.02 0.145 0.005
0 0.235 0.295 0.23 0.295 0.23 0.3 0.225 0.305 0.225 0.34 0.22 0.345 0.22 0.355 0.215 0.36 0.215 0.375 0.21 0.38 0.21 0.4 0.205 0.405 0.205 0.415 0.2 0.42 0.2 0.5 0.195 0.505 0.195 0.52 0.19 0.525 0.19 0.535 0.185 0.54 0.185 0.555 0.18 0.56 0.18 0.565 0.175 0.57 0.18 0.575 0.18 0.58 0.175 0.585 0.18 0.59 0.175 0.595 0.175 0.665 0.18 0.67 0.18 0.7 0.185 0.705 0.185 0.72 0.19 0.725 0.19 0.735 0.195 0.74 0.195 0.795 0.2 0.8 0.2 0.82 0.205 0.825 0.205 0.855 0.21 0.86 0.215 0.86 0.215 0.855 0.22 0.85 0.22 0.84 0.225 0.835 0.225 0.815 0.23 0.81 0.23 0.785 0.235 0.78 0.235 0.74 0.23 0.735 0.23 0.715 0.225 0.71 0.225 0.665 0.22 0.66 0.22 0.615 0.215 0.61 0.215 0.52 0.22 0.515 0.22 0.425 0.225 0.42 0.225 0.41 0.23 0.405 0.23 0.395 0.235 0.39 0.235 0.36 0.24 0.355 0.24 0.305 0.235 0.3
0 0.87 0.815 0.87 0.82 0.855 0.835 0.855 0.89 0.86 0.895 0.86 0.905 0.865 0.91 0.865 0.92 0.87 0.925 0.87 0.95 0.875 0.955 0.875 0.965 0.87 0.97 0.875 0.975 0.875 0.98 0.87 0.985 0.87 0.995 0.91 0.995 0.91 0.93 0.905 0.925 0.905 0.92 0.9 0.915 0.89 0.915 0.875 0.9 0.875 0.85 0.88 0.845 0.88 0.825 0.875 0.82 0.875 0.815
