0 0.245 0.085 0.24 0.11 0.23 0.12 0.23 0.13 0.225 0.135 0.225 0.17 0.22 0.175 0.22 0.185 0.225 0.19 0.22 0.2 0.22 0.245 0.21 0.255 0.2 0.245 0.195 0.23 0.185 0.225 0.175 0.25 0.175 0.275 0.17 0.28 0.17 0.3 0.175 0.305 0.175 0.445 0.18 0.45 0.18 0.485 0.175 0.49 0.18 0.495 0.175 0.5 0.175 0.625 0.18 0.63 0.18 0.71 0.185 0.715 0.19 0.74 0.205 0.745 0.22 0.765 0.225 0.83 0.23 0.835 0.23 0.855 0.235 0.86 0.23 0.995 0.35 0.995 0.355 0.99 0.355 0.96 0.36 0.955 0.355 0.945 0.36 0.94 0.36 0.905 0.365 0.9 0.36 0.89 0.365 0.885 0.36 0.88 0.365 0.865 0.36 0.86 0.37 0.85 0.385 0.86 0.375 0.87 0.385 0.875 0.385 0.9 0.39 0.905 0.39 0.925 0.395 0.93 0.39 0.95 0.4 0.955 0.395 0.96 0.4 0.965 0.395 0.975 0.4 0.98 0.4 0.995 0.405 0.99 0.41 0.995 0.42 0.995 0.43 0.98 0.42 0.965 0.425 0.96 0.43 0.965 0.435 0.96 0.43 0.965 0.425 0.96 0.405 0.96 0.4 0.955 0.405 0.95 0.42 0.95 0.425 0.945 0.415 0.94 0.42 0.935 0.435 0.935 0.43 0.925 0.435 0.92 0.43 0.91 0.44 0.9 0.435 0.895 0.44 0.89 0.44 0.875 0.435 0.87 0.44 0.865 0.435 0.855 0.44 0.85 0.445 0.855 0.435 0.845 0.44 0.84 0.435 0.83 0.44 0.82 0.43 0.805 0.42 0.8 0.425 0.79 0.415 0.785 0.4 0.795 0.39 0.795 0.385 0.805 0.375 0.805 0.375 0.815 0.37 0.82 0.365 0.82 0.35 0.8 0.35 0.74 0.345 0.735 0.345 0.695 0.34 0.69 0.34 0.67 0.33 0.645 0.3 0.61 0.3 0.57 0.295 0.565 0.3 0.56 0.3 0.525 0.305 0.52 0.305 0.435 0.3 0.43 0.305 0.425 0.3 0.42 0.3 0.385 0.295 0.38 0.295 0.365 0.285 0.34 0.285 0.32 0.275 0.3 0.27 0.26 0.265 0.255 0.265 0.235 0.26 0.23 0.26 0.095
0 0.115 0.435 0.11 0.435 0.11 0.44 0.105 0.445 0.105 0.505 0.1 0.51 0.1 0.575 0.105 0.58 0.105 0.585 0.11 0.585 0.115 0.58 0.115 0.575 0.12 0.57 0.12 0.56 0.125 0.555 0.125 0.525 0.13 0.52 0.13 0.48 0.125 0.475 0.125 0.45 0.12 0.445 0.12 0.44
0 0.18 0.74 0.175 0.74 0.175 0.755 0.17 0.76 0.17 0.785 0.165 0.79 0.165 0.8 0.16 0.805 0.16 0.835 0.155 0.84 0.155 0.87 0.16 0.875 0.16 0.88 0.165 0.875 0.165 0.865 0.17 0.86 0.17 0.85 0.175 0.845 0.175 0.84 0.185 0.83 0.185 0.82 0.19 0.815 0.19 0.76 0.185 0.755 0.185 0.75 0.18 0.745
0 0.12 0.675 0.115 0.68 0.115 0.69 0.11 0.695 0.11 0.755 0.115 0.76 0.11 0.765 0.115 0.77 0.115 0.8 0.12 0.805 0.12 0.84 0.125 0.845 0.125 0.86 0.13 0.865 0.13 0.87 0.135 0.875 0.14 0.875 0.14 0.775 0.135 0.77 0.135 0.75 0.13 0.745 0.135 0.74 0.135 0.685 0.125 0.675
0 0.45 0.605 0.45 0.615 0.445 0.62 0.445 0.655 0.45 0.66 0.45 0.705 0.455 0.705 0.46 0.71 0.46 0.715 0.465 0.71 0.465 0.695 0.47 0.69 0.47 0.645 0.465 0.64 0.465 0.61 0.46 0.605
0 0.53 0.39 0.525 0.395 0.525 0.4 0.52 0.405 0.52 0.455 0.515 0.46 0.515 0.49 0.51 0.495 0.515 0.5 0.51 0.505 0.515 0.51 0.51 0.515 0.51 0.52 0.515 0.525 0.515 0.55 0.52 0.555 0.52 0.59 0.525 0.595 0.525 0.665 0.53 0.67 0.53 0.68 0.535 0.685 0.54 0.68 0.54 0.67 0.545 0.665 0.545 0.64 0.54 0.635 0.54 0.54 0.535 0.535 0.535 0.49 0.54 0.485 0.535 0.48 0.54 0.475 0.54 0.405 0.535 0.4 0.535 0.39
0 0.435 0.36 0.425 0.36 0.425 0.365 0.43 0.37 0.425 0.375 0.43 0.38 0.43 0.41 0.425 0.415 0.425 0.44 0.42 0.445 0.42 0.51 0.415 0.515 0.415 0.55 0.42 0.555 0.42 0.565 0.425 0.565 0.425 0.56 0.43 0.555 0.43 0.54 0.435 0.535 0.435 0.49 0.44 0.485 0.435 0.48 0.435 0.475 0.44 0.47 0.435 0.465 0.435 0.46 0.44 0.455 0.435 0.45 0.44 0.445 0.44 0.405 0.435 0.4 0.435 0.395 0.44 0.39 0.435 0.385 0.435 0.375 0.43 0.37 0.435 0.365
0 0.47 0.34 0.465 0.345 0.465 0.385 0.46 0.39 0.465 0.395 0.465 0.42 0.47 0.425 0.475 0.425 0.475 0.41 0.48 0.405 0.475 0.4 0.475 0.395 0.48 0.39 0.475 0.385 0.475 0.38 0.48 0.375 0.475 0.37 0.475 0.345
0 0.425 0.175 0.415 0.185 0.415 0.21 0.41 0.215 0.41 0.305 0.415 0.31 0.415 0.32 0.42 0.325 0.42 0.33 0.43 0.33 0.43 0.32 0.435 0.315 0.435 0.205 0.43 0.2 0.43 0.18
0 0.41 0.18 0.41 0.215 0.405 0.22 0.4 0.215 0.41 0.225 0.41 0.23 0.405 0.235 0.405 0.245 0.41 0.25 0.41 0.265 0.405 0.27 0.405 0.28 0.4 0.285 0.4 0.3 0.395 0.305 0.39 0.3 0.395 0.305 0.38 0.315 0.375 0.315 0.37 0.31 0.37 0.305 0.365 0.3 0.37 0.295 0.365 0.3 0.36 0.3 0.365 0.3 0.37 0.305 0.37 0.31 0.375 0.315 0.37 0.32 0.37 0.325 0.38 0.335 0.37 0.345 0.365 0.34 0.36 0.34 0.355 0.335 0.355 0.315 0.35 0.31 0.355 0.315 0.35 0.32 0.34 0.32 0.335 0.315 0.34 0.31 0.34 0.305 0.335 0.3 0.34 0.295 0.335 0.3 0.33 0.3 0.325 0.295 0.32 0.3 0.315 0.295 0.31 0.3 0.32 0.3 0.325 0.305 0.32 0.31 0.31 0.31 0.305 0.315 0.31 0.32 0.305 0.325 0.305 0.33 0.31 0.335 0.305 0.34 0.305 0.355 0.31 0.36 0.305 0.365 0.305 0.37 0.31 0.375 0.31 0.38 0.305 0.385 0.31 0.39 0.31 0.44 0.315 0.445 0.31 0.45 0.31 0.495 0.315 0.5 0.315 0.515 0.31 0.52 0.31 0.575 0.315 0.58 0.315 0.61 0.32 0.61 0.325 0.615 0.33 0.63 0.34 0.64 0.34 0.645 0.345 0.65 0.345 0.665 0.35 0.67 0.35 0.68 0.355 0.685 0.355 0.695 0.36 0.7 0.36 0.71 0.365 0.715 0.365 0.72 0.375 0.73 0.37 0.735 0.375 0.73 0.38 0.73 0.385 0.735 0.39 0.73 0.395 0.735 0.4 0.735 0.405 0.74 0.405 0.745 0.44 0.745 0.445 0.73 0.455 0.72 0.465 0.72 0.47 0.715 0.47 0.71 0.475 0.705 0.475 0.695 0.48 0.69 0.49 0.69 0.495 0.685 0.5 0.69 0.51 0.69 0.5 0.68 0.505 0.675 0.515 0.675 0.525 0.69 0.525 0.685 0.53 0.68 0.54 0.68 0.545 0.675 0.545 0.585 0.54 0.58 0.54 0.52 0.535 0.515 0.54 0.51 0.54 0.505 0.535 0.5 0.54 0.495 0.54 0.49 0.535 0.485 0.54 0.48 0.54 0.4 0.535 0.395 0.53 0.395 0.525 0.39 0.525 0.385 0.525 0.395 0.52 0.4 0.5 0.4 0.495 0.395 0.49 0.395 0.485 0.39 0.49 0.385 0.5 0.385 0.495 0.385 0.485 0.375 0.49 0.37 0.5 0.37 0.495 0.37 0.485 0.36 0.49 0.355 0.485 0.355 0.475 0.345 0.475 0.34 0.46 0.34 0.455 0.335 0.45 0.335 0.44 0.325 0.44 0.31 0.435 0.305 0.44 0.3 0.435 0.295 0.435 0.29 0.44 0.285 0.435 0.28 0.435 0.22 0.425 0.21 0.43 0.205 0.425 0.2 0.425 0.18 0.42 0.18 0.415 0.185
