0 0.18 0.375 0.175 0.38 0.175 0.39 0.17 0.395 0.17 0.42 0.165 0.425 0.17 0.43 0.17 0.455 0.175 0.455 0.18 0.46 0.19 0.46 0.2 0.45 0.2 0.4 0.195 0.395 0.195 0.39 0.19 0.385 0.19 0.38 0.185 0.375
0 0.305 0.085 0.305 0.09 0.31 0.095 0.305 0.1 0.305 0.105 0.31 0.11 0.31 0.115 0.305 0.12 0.31 0.125 0.31 0.13 0.305 0.135 0.31 0.135 0.315 0.13 0.315 0.11 0.32 0.105 0.32 0.1 0.315 0.095 0.32 0.09 0.315 0.09 0.31 0.085
0 0.195 0.075 0.195 0.08 0.185 0.09 0.185 0.1 0.18 0.105 0.18 0.145 0.185 0.15 0.185 0.19 0.19 0.195 0.19 0.285 0.195 0.29 0.195 0.31 0.205 0.32 0.21 0.32 0.215 0.315 0.235 0.315 0.24 0.31 0.245 0.315 0.255 0.315 0.255 0.305 0.26 0.3 0.26 0.29 0.265 0.285 0.265 0.27 0.27 0.265 0.27 0.2 0.265 0.195 0.265 0.185 0.26 0.18 0.26 0.175 0.25 0.165 0.25 0.16 0.245 0.155 0.25 0.15 0.255 0.15 0.255 0.145 0.25 0.145 0.245 0.14 0.25 0.135 0.245 0.13 0.245 0.16 0.24 0.165 0.24 0.17 0.235 0.175 0.23 0.17 0.225 0.175 0.22 0.17 0.22 0.16 0.215 0.155 0.22 0.15 0.215 0.145 0.215 0.135 0.21 0.13 0.21 0.125 0.215 0.12 0.205 0.11 0.205 0.09 0.2 0.085 0.2 0.075
0 0.165 0.61 0.16 0.615 0.16 0.645 0.155 0.65 0.155 0.675 0.16 0.68 0.16 0.705 0.165 0.71 0.165 0.72 0.17 0.725 0.17 0.8 0.165 0.805 0.165 0.815 0.155 0.825 0.155 0.845 0.15 0.85 0.15 0.91 0.145 0.915 0.145 0.955 0.15 0.96 0.15 0.98 0.155 0.985 0.155 0.995 0.24 0.995 0.24 0.875 0.245 0.87 0.245 0.85 0.25 0.845 0.25 0.825 0.255 0.82 0.255 0.77 0.26 0.765 0.26 0.625 0.255 0.62 0.25 0.62 0.24 0.63 0.225 0.63 0.22 0.635 0.22 0.64 0.215 0.645 0.215 0.65 0.205 0.66 0.2 0.66 0.18 0.64 0.18 0.635 0.175 0.63 0.175 0.615 0.17 0.61
0 0.525 0.22 0.515 0.23 0.515 0.245 0.52 0.25 0.515 0.255 0.515 0.275 0.51 0.28 0.51 0.285 0.5 0.295 0.495 0.29 0.495 0.295 0.49 0.3 0.49 0.32 0.485 0.325 0.485 0.41 0.49 0.415 0.49 0.43 0.485 0.435 0.485 0.5 0.49 0.505 0.495 0.5 0.495 0.485 0.5 0.48 0.5 0.44 0.505 0.435 0.505 0.425 0.51 0.42 0.51 0.405 0.515 0.4 0.515 0.38 0.52 0.375 0.52 0.36 0.525 0.355 0.525 0.335 0.53 0.33 0.53 0.315 0.535 0.31 0.535 0.275 0.54 0.27 0.535 0.265 0.54 0.26 0.54 0.255 0.535 0.25 0.535 0.235 0.53 0.23 0.53 0.225
0 0.475 0.58 0.475 0.595 0.47 0.6 0.47 0.63 0.475 0.635 0.475 0.67 0.48 0.675 0.48 0.68 0.485 0.68 0.485 0.67 0.49 0.665 0.49 0.63 0.485 0.625 0.485 0.585 0.48 0.58
0 0.595 0.525 0.595 0.535 0.59 0.54 0.595 0.545 0.59 0.55 0.59 0.6 0.595 0.605 0.595 0.63 0.6 0.635 0.6 0.645 0.605 0.65 0.61 0.645 0.61 0.64 0.615 0.635 0.615 0.55 0.61 0.545 0.61 0.535 0.6 0.525
0 0.42 0.795 0.41 0.805 0.405 0.8 0.4 0.8 0.4 0.835 0.405 0.84 0.405 0.875 0.41 0.88 0.41 0.885 0.415 0.89 0.415 0.895 0.42 0.895 0.42 0.89 0.425 0.885 0.425 0.845 0.43 0.84 0.425 0.835 0.425 0.805 0.42 0.8
0 0.445 0.7 0.445 0.705 0.44 0.71 0.44 0.715 0.435 0.72 0.435 0.74 0.43 0.745 0.435 0.75 0.435 0.77 0.44 0.775 0.44 0.78 0.445 0.785 0.445 0.79 0.45 0.795 0.45 0.8 0.455 0.805 0.455 0.81 0.46 0.815 0.46 0.82 0.465 0.82 0.47 0.815 0.47 0.795 0.465 0.79 0.465 0.775 0.46 0.77 0.46 0.755 0.455 0.75 0.455 0.705 0.45 0.7
0 0.79 0.0 0.78 0.0 0.78 0.06 0.775 0.065 0.775 0.07 0.77 0.075 0.77 0.085 0.765 0.09 0.765 0.26 0.77 0.265 0.77 0.27 0.775 0.27 0.78 0.265 0.78 0.255 0.785 0.25 0.785 0.235 0.79 0.23 0.79 0.22 0.795 0.215 0.795 0.205 0.8 0.2 0.8 0.19 0.81 0.18 0.81 0.165 0.815 0.16 0.815 0.085 0.81 0.08 0.81 0.075 0.805 0.07 0.805 0.065 0.795 0.055 0.795 0.04 0.79 0.035
0 0.705 0.0 0.7 0.005 0.7 0.01 0.705 0.015 0.705 0.035 0.71 0.04 0.71 0.05 0.715 0.055 0.715 0.065 0.72 0.065 0.725 0.07 0.725 0.08 0.73 0.085 0.735 0.085 0.735 0.07 0.74 0.065 0.74 0.025 0.735 0.02 0.735 0.0
0 0.785 0.0 0.785 0.005 0.78 0.01 0.785 0.015 0.78 0.02 0.78 0.025 0.785 0.03 0.78 0.035 0.78 0.06 0.775 0.065 0.775 0.08 0.77 0.085 0.77 0.1 0.765 0.105 0.77 0.11 0.765 0.115 0.765 0.185 0.76 0.19 0.76 0.2 0.765 0.205 0.765 0.26 0.77 0.265 0.765 0.27 0.77 0.275 0.77 0.295 0.775 0.3 0.775 0.325 0.78 0.33 0.775 0.335 0.775 0.37 0.78 0.375 0.78 0.4 0.785 0.405 0.78 0.41 0.785 0.415 0.785 0.465 0.79 0.47 0.785 0.475 0.795 0.485 0.79 0.49 0.79 0.495 0.795 0.5 0.79 0.505 0.79 0.51 0.795 0.51 0.8 0.515 0.795 0.51 0.795 0.505 0.8 0.5 0.795 0.495 0.795 0.49 0.8 0.485 0.795 0.48 0.8 0.475 0.8 0.46 0.805 0.455 0.805 0.45 0.81 0.445 0.82 0.455 0.835 0.455 0.835 0.43 0.84 0.425 0.835 0.42 0.84 0.415 0.84 0.395 0.845 0.39 0.84 0.385 0.845 0.38 0.845 0.375 0.84 0.37 0.85 0.36 0.855 0.365 0.855 0.395 0.86 0.4 0.855 0.405 0.86 0.4 0.865 0.405 0.865 0.45 0.87 0.455 0.87 0.47 0.875 0.475 0.875 0.49 0.88 0.495 0.88 0.505 0.89 0.515 0.895 0.51 0.895 0.485 0.9 0.48 0.9 0.445 0.905 0.44 0.905 0.41 0.91 0.405 0.91 0.345 0.915 0.34 0.915 0.295 0.92 0.29 0.92 0.205 0.915 0.2 0.915 0.19 0.91 0.185 0.91 0.16 0.905 0.155 0.91 0.15 0.905 0.145 0.905 0.135 0.895 0.125 0.9 0.12 0.905 0.12 0.9 0.12 0.895 0.115 0.895 0.1 0.89 0.1 0.89 0.11 0.875 0.12 0.87 0.115 0.87 0.1 0.865 0.105 0.86 0.105 0.865 0.105 0.87 0.11 0.87 0.115 0.865 0.12 0.835 0.12 0.825 0.11 0.83 0.105 0.85 0.105 0.825 0.105 0.82 0.1 0.82 0.09 0.815 0.085 0.815 0.07 0.8 0.055 0.8 0.05 0.795 0.045 0.795 0.02 0.79 0.015 0.795 0.01
0 0.76 0.86 0.755 0.865 0.755 0.935 0.76 0.94 0.76 0.955 0.765 0.96 0.765 0.995 0.78 0.995 0.78 0.91 0.775 0.905 0.775 0.89 0.77 0.885 0.77 0.88 0.765 0.875 0.765 0.865
0 0.71 0.77 0.71 0.96 0.715 0.965 0.715 0.97 0.72 0.97 0.72 0.955 0.725 0.95 0.725 0.925 0.73 0.92 0.73 0.855 0.725 0.85 0.725 0.815 0.72 0.81 0.72 0.775 0.715 0.77
