0 0.69 0.31 0.685 0.31 0.685 0.315 0.68 0.32 0.68 0.34 0.675 0.345 0.675 0.37 0.68 0.375 0.675 0.38 0.675 0.385 0.68 0.39 0.68 0.415 0.685 0.42 0.69 0.415 0.695 0.415 0.695 0.315
0 0.755 0.29 0.755 0.295 0.75 0.3 0.75 0.38 0.755 0.385 0.755 0.4 0.76 0.405 0.76 0.41 0.765 0.415 0.77 0.415 0.775 0.41 0.775 0.335 0.77 0.33 0.77 0.31 0.765 0.305 0.765 0.295 0.76 0.29
0 0.8 0.26 0.795 0.265 0.795 0.27 0.79 0.275 0.79 0.365 0.8 0.365 0.805 0.37 0.805 0.375 0.815 0.365 0.815 0.31 0.81 0.305 0.81 0.27 0.805 0.265 0.805 0.26
0 0.685 0.155 0.675 0.165 0.67 0.165 0.665 0.16 0.665 0.175 0.67 0.17 0.675 0.175 0.675 0.215 0.67 0.22 0.675 0.225 0.68 0.225 0.685 0.23 0.68 0.235 0.665 0.235 0.67 0.235 0.675 0.24 0.675 0.245 0.685 0.245 0.69 0.24 0.69 0.235 0.685 0.23 0.695 0.22 0.695 0.21 0.7 0.205 0.705 0.21 0.705 0.215 0.71 0.22 0.72 0.22 0.715 0.215 0.72 0.21 0.72 0.17 0.715 0.165 0.7 0.165 0.695 0.16 0.69 0.16
0 0.59 0.08 0.585 0.08 0.585 0.085 0.58 0.09 0.57 0.09 0.555 0.105 0.555 0.14 0.56 0.145 0.56 0.16 0.565 0.165 0.565 0.32 0.57 0.325 0.57 0.345 0.575 0.35 0.585 0.35 0.585 0.26 0.59 0.255 0.59 0.21 0.595 0.205 0.595 0.2 0.59 0.195 0.595 0.19 0.595 0.085
0 0.465 0.0 0.46 0.005 0.46 0.015 0.455 0.02 0.455 0.075 0.46 0.08 0.46 0.09 0.465 0.095 0.465 0.1 0.47 0.105 0.47 0.11 0.475 0.11 0.475 0.09 0.48 0.085 0.48 0.0
0 0.54 0.675 0.535 0.68 0.535 0.69 0.53 0.695 0.53 0.71 0.525 0.715 0.525 0.725 0.52 0.73 0.52 0.74 0.515 0.745 0.515 0.755 0.51 0.76 0.51 0.765 0.505 0.77 0.495 0.77 0.485 0.78 0.485 0.835 0.49 0.84 0.485 0.845 0.49 0.85 0.49 0.89 0.495 0.895 0.495 0.925 0.5 0.93 0.5 0.935 0.5 0.93 0.505 0.925 0.505 0.91 0.51 0.905 0.51 0.87 0.515 0.865 0.515 0.805 0.52 0.8 0.52 0.795 0.525 0.79 0.525 0.78 0.53 0.775 0.53 0.765 0.535 0.76 0.535 0.755 0.54 0.75 0.54 0.73 0.545 0.725 0.545 0.685 0.54 0.68
0 0.57 0.635 0.56 0.635 0.56 0.645 0.555 0.65 0.555 0.705 0.56 0.71 0.555 0.715 0.56 0.72 0.56 0.715 0.565 0.71 0.565 0.695 0.57 0.69 0.57 0.645 0.565 0.64
0 0.24 0.23 0.24 0.235 0.235 0.24 0.235 0.245 0.24 0.25 0.24 0.275 0.25 0.275 0.25 0.235 0.245 0.23
0 0.2 0.19 0.2 0.2 0.195 0.205 0.195 0.235 0.2 0.24 0.2 0.245 0.205 0.24 0.21 0.24 0.215 0.235 0.215 0.225 0.21 0.22 0.215 0.215 0.215 0.21 0.21 0.205 0.21 0.2
0 0.335 0.175 0.325 0.175 0.32 0.18 0.32 0.21 0.315 0.215 0.315 0.28 0.32 0.285 0.32 0.32 0.325 0.325 0.325 0.34 0.33 0.345 0.33 0.335 0.335 0.33
0 0.19 0.325 0.19 0.33 0.185 0.335 0.185 0.455 0.19 0.46 0.19 0.48 0.185 0.485 0.185 0.515 0.19 0.52 0.19 0.54 0.195 0.545 0.2 0.545 0.205 0.54 0.205 0.465 0.2 0.46 0.2 0.33 0.195 0.325
0 0.7 0.68 0.7 0.685 0.695 0.69 0.695 0.755 0.7 0.76 0.7 0.765 0.705 0.765 0.705 0.695 0.7 0.69
0 0.725 0.465 0.72 0.465 0.72 0.47 0.715 0.475 0.715 0.56 0.72 0.565 0.72 0.56 0.725 0.555 0.725 0.535 0.73 0.53 0.73 0.475 0.725 0.47
