0 0.56 0.5 0.55 0.5 0.55 0.505 0.545 0.51 0.545 0.525 0.54 0.53 0.545 0.535 0.54 0.54 0.545 0.545 0.545 0.565 0.54 0.57 0.545 0.575 0.545 0.585 0.55 0.585 0.555 0.59 0.55 0.595 0.54 0.595 0.545 0.6 0.545 0.615 0.54 0.62 0.55 0.63 0.555 0.625 0.56 0.625 0.555 0.62 0.555 0.615 0.56 0.61 0.555 0.605 0.555 0.6 0.56 0.595 0.56 0.515 0.555 0.51 0.555 0.505
0 0.52 0.0 0.515 0.005 0.515 0.01 0.52 0.015 0.515 0.02 0.52 0.025 0.52 0.095 0.515 0.1 0.51 0.095 0.51 0.04 0.51 0.24 0.515 0.235 0.52 0.24 0.52 0.26 0.525 0.26 0.53 0.265 0.53 0.275 0.525 0.28 0.525 0.33 0.52 0.335 0.52 0.34 0.525 0.345 0.52 0.35 0.52 0.375 0.525 0.38 0.52 0.385 0.515 0.385 0.51 0.38 0.51 0.385 0.505 0.39 0.505 0.4 0.51 0.405 0.515 0.4 0.52 0.4 0.525 0.405 0.525 0.42 0.535 0.42 0.54 0.425 0.55 0.425 0.555 0.43 0.56 0.425 0.56 0.415 0.565 0.41 0.585 0.41 0.59 0.405 0.595 0.405 0.59 0.4 0.595 0.395 0.595 0.38 0.6 0.375 0.595 0.37 0.595 0.365 0.6 0.36 0.595 0.355 0.6 0.35 0.6 0.345 0.595 0.34 0.595 0.335 0.6 0.33 0.595 0.325 0.595 0.32 0.6 0.315 0.6 0.31 0.595 0.305 0.595 0.295 0.59 0.29 0.59 0.285 0.585 0.28 0.59 0.275 0.595 0.275 0.585 0.265 0.585 0.255 0.575 0.245 0.575 0.235 0.57 0.23 0.57 0.21 0.575 0.205 0.575 0.145 0.58 0.14 0.575 0.135 0.575 0.095 0.57 0.09 0.57 0.005 0.565 0.0
0 0.35 0.325 0.345 0.325 0.34 0.33 0.34 0.35 0.335 0.355 0.34 0.36 0.335 0.365 0.335 0.38 0.33 0.385 0.33 0.46 0.335 0.465 0.33 0.47 0.335 0.475 0.335 0.52 0.34 0.525 0.34 0.55 0.345 0.55 0.35 0.545 0.35 0.525 0.36 0.515 0.36 0.495 0.365 0.49 0.365 0.475 0.37 0.47 0.37 0.46 0.375 0.455 0.375 0.42 0.37 0.415 0.37 0.4 0.365 0.4 0.36 0.395 0.36 0.355 0.355 0.35 0.355 0.335 0.35 0.33
0 0.735 0.47 0.73 0.475 0.725 0.475 0.72 0.48 0.72 0.485 0.715 0.49 0.715 0.58 0.725 0.59 0.725 0.595 0.73 0.6 0.735 0.6 0.74 0.605 0.745 0.605 0.75 0.61 0.75 0.605 0.755 0.6 0.755 0.59 0.76 0.585 0.76 0.57 0.765 0.565 0.765 0.53 0.76 0.525 0.76 0.505 0.755 0.5 0.755 0.495 0.75 0.49 0.75 0.485
0 0.68 0.5 0.675 0.505 0.67 0.505 0.665 0.51 0.665 0.515 0.66 0.52 0.66 0.525 0.655 0.53 0.655 0.54 0.65 0.545 0.65 0.57 0.655 0.575 0.655 0.58 0.675 0.58 0.675 0.57 0.68 0.565 0.685 0.565 0.685 0.56 0.68 0.555 0.685 0.55 0.685 0.53 0.69 0.525 0.69 0.52 0.685 0.515 0.685 0.505
0 0.725 0.475 0.715 0.485 0.715 0.49 0.71 0.495 0.715 0.5 0.71 0.505 0.71 0.565 0.715 0.57 0.71 0.575 0.71 0.58 0.72 0.59 0.72 0.595 0.735 0.61 0.74 0.61 0.75 0.62 0.75 0.66 0.755 0.665 0.755 0.68 0.76 0.685 0.76 0.7 0.765 0.705 0.765 0.71 0.775 0.72 0.78 0.715 0.78 0.69 0.775 0.685 0.775 0.655 0.77 0.65 0.77 0.64 0.765 0.635 0.765 0.61 0.765 0.615 0.76 0.62 0.755 0.615 0.755 0.6 0.76 0.595 0.76 0.585 0.765 0.58 0.765 0.575 0.76 0.57 0.765 0.565 0.765 0.53 0.76 0.525 0.76 0.505 0.75 0.495 0.75 0.49 0.745 0.485 0.745 0.48 0.74 0.475
0 0.95 0.0 0.945 0.005 0.945 0.01 0.95 0.015 0.945 0.02 0.945 0.04 0.95 0.045 0.945 0.05 0.945 0.065 0.95 0.07 0.95 0.075 0.945 0.08 0.945 0.09 0.95 0.095 0.95 0.115 0.945 0.12 0.95 0.125 0.95 0.155 0.945 0.16 0.95 0.165 0.95 0.17 0.945 0.175 0.945 0.18 0.95 0.185 0.95 0.245 0.945 0.25 0.945 0.275 0.95 0.28 0.95 0.295 0.945 0.3 0.95 0.305 0.945 0.31 0.945 0.38 0.95 0.385 0.95 0.4 0.95 0.39 0.955 0.385 0.96 0.39 0.96 0.44 0.97 0.455 0.97 0.465 0.965 0.47 0.965 0.48 0.97 0.485 0.97 0.545 0.975 0.55 0.975 0.565 0.97 0.57 0.975 0.575 0.975 0.68 0.98 0.685 0.99 0.685 0.995 0.68 0.99 0.675 0.99 0.665 0.985 0.66 0.985 0.655 0.995 0.64 0.995 0.53 0.99 0.525 0.99 0.515 0.995 0.51 0.995 0.46 0.99 0.455 0.995 0.45 0.995 0.0
0 0.8 0.0 0.8 0.04 0.805 0.045 0.805 0.06 0.81 0.065 0.81 0.115 0.815 0.12 0.815 0.16 0.82 0.165 0.82 0.185 0.825 0.19 0.83 0.19 0.83 0.18 0.835 0.175 0.835 0.145 0.83 0.14 0.83 0.11 0.825 0.105 0.825 0.0
0 0.64 0.24 0.625 0.24 0.62 0.245 0.62 0.255 0.615 0.26 0.62 0.265 0.615 0.27 0.615 0.275 0.62 0.28 0.62 0.285 0.615 0.29 0.615 0.31 0.61 0.315 0.605 0.31 0.605 0.305 0.59 0.305 0.59 0.365 0.595 0.365 0.6 0.37 0.595 0.375 0.59 0.375 0.595 0.38 0.605 0.38 0.61 0.375 0.63 0.375 0.63 0.37 0.635 0.365 0.64 0.365 0.645 0.36 0.64 0.355 0.64 0.35 0.645 0.345 0.655 0.345 0.655 0.335 0.66 0.33 0.665 0.33 0.665 0.32 0.67 0.315 0.67 0.3 0.66 0.29 0.66 0.285 0.655 0.28 0.66 0.275 0.66 0.27 0.655 0.265 0.655 0.26 0.65 0.255 0.645 0.255 0.64 0.25
0 0.555 0.435 0.555 0.445 0.55 0.45 0.55 0.475 0.545 0.48 0.545 0.49 0.54 0.495 0.54 0.53 0.53 0.545 0.53 0.56 0.525 0.565 0.53 0.57 0.525 0.575 0.525 0.58 0.53 0.585 0.525 0.59 0.525 0.63 0.53 0.635 0.53 0.66 0.535 0.665 0.53 0.67 0.53 0.695 0.525 0.7 0.525 0.755 0.52 0.76 0.525 0.765 0.52 0.77 0.52 0.805 0.51 0.815 0.51 0.84 0.505 0.845 0.505 0.9 0.495 0.91 0.495 0.915 0.5 0.91 0.505 0.915 0.505 0.955 0.51 0.96 0.505 0.965 0.505 0.985 0.51 0.99 0.525 0.99 0.53 0.995 0.535 0.995 0.54 0.99 0.545 0.99 0.545 0.935 0.535 0.935 0.53 0.93 0.535 0.925 0.525 0.915 0.525 0.91 0.53 0.905 0.525 0.9 0.525 0.895 0.53 0.89 0.525 0.885 0.525 0.88 0.53 0.875 0.525 0.87 0.525 0.865 0.53 0.86 0.525 0.855 0.53 0.85 0.53 0.82 0.535 0.815 0.55 0.815 0.555 0.82 0.555 0.875 0.56 0.88 0.56 0.895 0.565 0.89 0.57 0.89 0.57 0.88 0.575 0.875 0.575 0.85 0.58 0.845 0.58 0.82 0.585 0.815 0.585 0.79 0.59 0.785 0.59 0.705 0.585 0.7 0.585 0.66 0.58 0.655 0.58 0.645 0.57 0.63 0.57 0.59 0.565 0.585 0.565 0.58 0.57 0.575 0.565 0.57 0.565 0.565 0.57 0.56 0.57 0.545 0.565 0.54 0.565 0.505 0.56 0.5 0.56 0.45 0.555 0.445
0 0.53 0.0 0.525 0.005 0.525 0.025 0.53 0.03 0.53 0.04 0.535 0.04 0.54 0.045 0.54 0.05 0.545 0.055 0.545 0.06 0.55 0.06 0.555 0.065 0.555 0.1 0.55 0.105 0.55 0.11 0.555 0.115 0.55 0.12 0.555 0.125 0.555 0.135 0.55 0.14 0.545 0.14 0.555 0.15 0.55 0.155 0.545 0.155 0.54 0.16 0.545 0.165 0.545 0.17 0.54 0.175 0.545 0.18 0.545 0.185 0.555 0.195 0.55 0.2 0.55 0.205 0.555 0.21 0.55 0.215 0.55 0.22 0.555 0.225 0.545 0.235 0.55 0.24 0.55 0.245 0.565 0.245 0.56 0.24 0.56 0.235 0.565 0.23 0.56 0.225 0.56 0.21 0.565 0.205 0.565 0.2 0.56 0.195 0.565 0.19 0.565 0.185 0.56 0.18 0.565 0.175 0.565 0.17 0.56 0.165 0.565 0.16 0.565 0.155 0.56 0.15 0.565 0.145 0.56 0.14 0.565 0.135 0.565 0.125 0.56 0.12 0.56 0.11 0.565 0.105 0.56 0.1 0.56 0.015 0.565 0.01 0.56 0.005 0.56 0.0
