0 0.615 0.0 0.56 0.0 0.56 0.01 0.565 0.015 0.565 0.09 0.57 0.095 0.57 0.12 0.575 0.125 0.575 0.21 0.58 0.215 0.58 0.365 0.575 0.37 0.58 0.375 0.58 0.38 0.575 0.385 0.57 0.385 0.58 0.385 0.585 0.38 0.585 0.375 0.59 0.37 0.59 0.345 0.595 0.34 0.595 0.325 0.6 0.32 0.6 0.27 0.605 0.265 0.605 0.205 0.61 0.2 0.61 0.16 0.615 0.155 0.615 0.135 0.61 0.13 0.61 0.115 0.615 0.11
0 0.825 0.255 0.815 0.255 0.805 0.265 0.805 0.275 0.8 0.28 0.8 0.29 0.795 0.295 0.795 0.31 0.79 0.315 0.79 0.44 0.795 0.445 0.795 0.505 0.8 0.51 0.8 0.535 0.81 0.535 0.815 0.53 0.815 0.515 0.82 0.51 0.82 0.485 0.825 0.48 0.825 0.44 0.83 0.435 0.83 0.415 0.825 0.41 0.825 0.38 0.82 0.375 0.82 0.335 0.825 0.33
0 0.82 0.255 0.81 0.255 0.805 0.26 0.805 0.275 0.795 0.29 0.795 0.305 0.79 0.31 0.79 0.41 0.785 0.415 0.785 0.45 0.79 0.455 0.79 0.495 0.78 0.505 0.775 0.5 0.775 0.495 0.775 0.505 0.77 0.51 0.775 0.515 0.775 0.52 0.77 0.525 0.77 0.535 0.76 0.55 0.76 0.565 0.755 0.57 0.755 0.65 0.76 0.655 0.76 0.67 0.765 0.675 0.775 0.675 0.78 0.68 0.78 0.69 0.785 0.695 0.785 0.72 0.79 0.725 0.79 0.745 0.795 0.75 0.795 0.755 0.79 0.76 0.795 0.765 0.795 0.77 0.79 0.775 0.79 0.84 0.795 0.845 0.795 0.855 0.79 0.86 0.79 0.88 0.785 0.885 0.79 0.89 0.79 0.895 0.785 0.9 0.785 0.92 0.78 0.925 0.78 0.935 0.785 0.935 0.79 0.94 0.78 0.95 0.78 0.955 0.785 0.96 0.78 0.965 0.8 0.965 0.8 0.92 0.805 0.915 0.805 0.905 0.81 0.9 0.81 0.88 0.805 0.875 0.81 0.87 0.81 0.84 0.815 0.835 0.81 0.83 0.815 0.825 0.815 0.715 0.81 0.71 0.81 0.565 0.815 0.56 0.815 0.53 0.82 0.525 0.82 0.495 0.825 0.49 0.825 0.46 0.83 0.455 0.83 0.405 0.825 0.4 0.825 0.375 0.82 0.37 0.82 0.34 0.825 0.335 0.825 0.315 0.83 0.31 0.83 0.295 0.825 0.29 0.825 0.26
0 0.105 0.0 0.055 0.0 0.055 0.02 0.05 0.025 0.05 0.06 0.045 0.065 0.045 0.08 0.04 0.085 0.04 0.145 0.045 0.145 0.055 0.135 0.06 0.14 0.065 0.14 0.07 0.135 0.075 0.135 0.075 0.11 0.08 0.105 0.08 0.06 0.085 0.055 0.085 0.05 0.095 0.04 0.095 0.035 0.1 0.03 0.1 0.01 0.105 0.005
0 0.035 0.165 0.035 0.17 0.03 0.175 0.03 0.255 0.025 0.26 0.025 0.285 0.03 0.29 0.03 0.39 0.035 0.395 0.035 0.405 0.045 0.405 0.045 0.36 0.05 0.355 0.05 0.32 0.045 0.315 0.045 0.2 0.04 0.195 0.04 0.175 0.035 0.17
0 0.335 0.475 0.33 0.475 0.325 0.48 0.325 0.525 0.32 0.53 0.32 0.63 0.325 0.635 0.325 0.745 0.33 0.75 0.33 0.76 0.325 0.765 0.33 0.77 0.33 0.82 0.325 0.825 0.325 0.84 0.325 0.835 0.33 0.83 0.335 0.83 0.335 0.81 0.34 0.805 0.335 0.8 0.34 0.795 0.335 0.79 0.335 0.785 0.34 0.78 0.335 0.775 0.34 0.77 0.34 0.725 0.335 0.72 0.335 0.715 0.34 0.71 0.335 0.705 0.335 0.56 0.34 0.555 0.34 0.52 0.345 0.515 0.345 0.485
0 0.635 0.915 0.63 0.92 0.63 0.93 0.625 0.935 0.625 0.995 0.66 0.995 0.66 0.975 0.655 0.97 0.655 0.945 0.65 0.94 0.65 0.935 0.645 0.93 0.645 0.925
0 0.5 0.655 0.5 0.66 0.495 0.665 0.495 0.745 0.49 0.75 0.49 0.79 0.495 0.795 0.5 0.795 0.5 0.785 0.505 0.78 0.505 0.755 0.51 0.75 0.505 0.745 0.51 0.74 0.51 0.68 0.505 0.675 0.505 0.66
0 0.315 0.895 0.315 0.9 0.31 0.905 0.31 0.915 0.305 0.92 0.305 0.925 0.31 0.93 0.305 0.935 0.305 0.955 0.31 0.96 0.31 0.995 0.33 0.995 0.33 0.92 0.325 0.915 0.325 0.9 0.32 0.895
0 0.135 0.4 0.13 0.405 0.13 0.43 0.125 0.435 0.125 0.49 0.13 0.495 0.125 0.5 0.125 0.52 0.13 0.525 0.13 0.535 0.14 0.545 0.14 0.55 0.145 0.555 0.145 0.56 0.15 0.565 0.155 0.56 0.155 0.545 0.16 0.54 0.16 0.47 0.145 0.455 0.145 0.435 0.14 0.43 0.14 0.405
0 0.04 0.67 0.035 0.675 0.03 0.675 0.025 0.68 0.025 0.69 0.02 0.695 0.02 0.71 0.015 0.715 0.015 0.78 0.01 0.785 0.01 0.8 0.015 0.805 0.015 0.815 0.02 0.82 0.02 0.825 0.03 0.825 0.03 0.82 0.04 0.81 0.04 0.805 0.045 0.8 0.045 0.78 0.05 0.775 0.045 0.77 0.045 0.715 0.05 0.71 0.05 0.695 0.045 0.69 0.045 0.68 0.04 0.675
0 0.06 0.935 0.055 0.94 0.055 0.95 0.05 0.955 0.05 0.96 0.045 0.965 0.045 0.97 0.04 0.975 0.04 0.99 0.035 0.995 0.11 0.995 0.11 0.95 0.105 0.945 0.105 0.94 0.1 0.935 0.095 0.935 0.085 0.945 0.075 0.945 0.065 0.935
