0 0.705 0.31 0.7 0.31 0.7 0.315 0.695 0.32 0.695 0.335 0.69 0.34 0.69 0.385 0.695 0.39 0.695 0.405 0.705 0.405 0.71 0.4 0.71 0.32 0.705 0.315
0 0.77 0.305 0.77 0.33 0.765 0.335 0.77 0.34 0.77 0.365 0.775 0.37 0.775 0.385 0.78 0.385 0.785 0.39 0.78 0.385 0.78 0.335 0.775 0.33 0.775 0.325 0.78 0.32 0.775 0.315 0.775 0.305
0 0.81 0.25 0.81 0.26 0.805 0.265 0.805 0.31 0.81 0.315 0.805 0.32 0.805 0.325 0.81 0.33 0.81 0.355 0.815 0.355 0.82 0.36 0.825 0.355 0.825 0.34 0.83 0.335 0.83 0.31 0.825 0.305 0.825 0.25
0 0.7 0.145 0.695 0.15 0.695 0.17 0.69 0.175 0.69 0.19 0.695 0.195 0.69 0.2 0.69 0.205 0.7 0.205 0.7 0.19 0.705 0.185 0.7 0.18 0.705 0.175 0.705 0.17 0.7 0.165 0.7 0.16 0.705 0.155 0.7 0.15
0 0.605 0.065 0.595 0.075 0.595 0.08 0.585 0.09 0.58 0.085 0.57 0.095 0.57 0.135 0.575 0.14 0.575 0.155 0.58 0.16 0.58 0.255 0.575 0.26 0.575 0.285 0.58 0.29 0.58 0.33 0.585 0.335 0.585 0.34 0.59 0.34 0.595 0.335 0.595 0.255 0.6 0.25 0.6 0.22 0.605 0.215 0.605 0.12 0.61 0.115 0.61 0.08 0.605 0.075
0 0.475 0.0 0.475 0.015 0.47 0.02 0.47 0.065 0.475 0.07 0.475 0.085 0.48 0.09 0.48 0.095 0.485 0.1 0.49 0.1 0.49 0.0
0 0.55 0.68 0.545 0.685 0.545 0.69 0.54 0.695 0.54 0.71 0.535 0.715 0.535 0.725 0.53 0.73 0.53 0.74 0.52 0.75 0.52 0.755 0.515 0.76 0.505 0.76 0.505 0.765 0.5 0.77 0.5 0.785 0.495 0.79 0.5 0.795 0.5 0.87 0.505 0.875 0.505 0.92 0.515 0.92 0.515 0.91 0.52 0.905 0.52 0.875 0.525 0.87 0.525 0.8 0.53 0.795 0.53 0.785 0.535 0.78 0.535 0.77 0.54 0.765 0.54 0.755 0.545 0.75 0.545 0.74 0.55 0.735 0.55 0.72 0.555 0.715 0.555 0.69 0.55 0.685
0 0.35 0.16 0.34 0.16 0.34 0.17 0.335 0.175 0.335 0.215 0.33 0.22 0.33 0.255 0.335 0.26 0.335 0.315 0.34 0.32 0.34 0.34 0.345 0.345 0.35 0.34 0.35 0.25 0.345 0.245 0.345 0.235 0.35 0.23
0 0.22 0.73 0.215 0.73 0.215 0.735 0.21 0.74 0.21 0.745 0.205 0.75 0.205 0.78 0.21 0.785 0.21 0.805 0.215 0.81 0.215 0.785 0.22 0.78 0.215 0.775 0.215 0.77 0.22 0.765
0 0.205 0.32 0.2 0.325 0.2 0.41 0.205 0.415 0.205 0.455 0.2 0.46 0.2 0.505 0.205 0.51 0.205 0.525 0.21 0.53 0.215 0.53 0.215 0.52 0.22 0.515 0.22 0.465 0.215 0.46 0.215 0.445 0.21 0.44 0.21 0.325
