0 0.125 0.605 0.12 0.605 0.12 0.615 0.115 0.62 0.115 0.645 0.11 0.65 0.11 0.745 0.115 0.745 0.115 0.74 0.12 0.735 0.12 0.725 0.125 0.72 0.12 0.715 0.125 0.71 0.125 0.665 0.13 0.66 0.13 0.615 0.125 0.61
0 0.08 0.555 0.075 0.56 0.07 0.56 0.065 0.565 0.065 0.575 0.06 0.58 0.06 0.74 0.065 0.74 0.07 0.735 0.07 0.725 0.075 0.72 0.075 0.7 0.08 0.695 0.08 0.655 0.085 0.65 0.085 0.615 0.09 0.61 0.09 0.59 0.085 0.585 0.085 0.56
0 0.125 0.53 0.125 0.595 0.13 0.595 0.13 0.575 0.135 0.57 0.135 0.54 0.13 0.535 0.13 0.53
0 0.17 0.245 0.165 0.25 0.165 0.255 0.16 0.26 0.16 0.28 0.165 0.285 0.165 0.3 0.17 0.305 0.17 0.365 0.165 0.37 0.165 0.41 0.17 0.415 0.17 0.425 0.175 0.425 0.175 0.405 0.18 0.4 0.18 0.255
0 0.31 0.39 0.305 0.39 0.305 0.395 0.3 0.4 0.3 0.51 0.305 0.515 0.31 0.51 0.31 0.505 0.315 0.5 0.315 0.465 0.32 0.46 0.32 0.445 0.325 0.44 0.325 0.435 0.32 0.435 0.315 0.43 0.325 0.42 0.325 0.415 0.315 0.405 0.315 0.395
0 0.715 0.52 0.71 0.52 0.69 0.54 0.69 0.55 0.685 0.555 0.685 0.565 0.69 0.57 0.69 0.58 0.695 0.585 0.695 0.615 0.7 0.62 0.7 0.665 0.705 0.67 0.71 0.665 0.71 0.66 0.715 0.655 0.715 0.625 0.72 0.62 0.72 0.54 0.725 0.535 0.725 0.53
0 0.715 0.0 0.705 0.0 0.705 0.015 0.7 0.02 0.7 0.145 0.705 0.15 0.71 0.145 0.71 0.135 0.715 0.13
0 0.165 0.525 0.15 0.525 0.15 0.53 0.145 0.535 0.14 0.535 0.135 0.53 0.14 0.525 0.12 0.525 0.12 0.53 0.11 0.54 0.105 0.54 0.105 0.545 0.095 0.555 0.09 0.55 0.07 0.55 0.07 0.555 0.065 0.56 0.065 0.565 0.06 0.57 0.06 0.6 0.055 0.605 0.06 0.61 0.055 0.615 0.055 0.62 0.06 0.625 0.055 0.63 0.055 0.705 0.045 0.715 0.04 0.71 0.04 0.715 0.05 0.715 0.055 0.72 0.055 0.73 0.05 0.735 0.045 0.735 0.055 0.745 0.05 0.75 0.055 0.755 0.055 0.76 0.05 0.765 0.055 0.77 0.055 0.83 0.06 0.835 0.055 0.84 0.06 0.845 0.06 0.85 0.055 0.855 0.055 0.88 0.045 0.89 0.05 0.895 0.055 0.895 0.06 0.9 0.065 0.9 0.065 0.895 0.07 0.89 0.07 0.885 0.075 0.88 0.075 0.865 0.08 0.86 0.09 0.86 0.085 0.855 0.095 0.845 0.1 0.85 0.105 0.85 0.11 0.855 0.11 0.86 0.115 0.86 0.115 0.85 0.125 0.84 0.125 0.82 0.13 0.815 0.14 0.815 0.15 0.805 0.15 0.785 0.155 0.78 0.155 0.685 0.15 0.68 0.155 0.675 0.15 0.67 0.15 0.665 0.155 0.66 0.15 0.655 0.155 0.65 0.155 0.645 0.15 0.64 0.155 0.635 0.155 0.625 0.165 0.615 0.165 0.6 0.17 0.595 0.17 0.535 0.165 0.53
0 0.265 0.5 0.26 0.5 0.26 0.505 0.255 0.51 0.26 0.515 0.25 0.525 0.255 0.525 0.26 0.53 0.26 0.535 0.255 0.54 0.255 0.545 0.25 0.55 0.245 0.545 0.245 0.54 0.23 0.54 0.23 0.545 0.225 0.55 0.225 0.56 0.23 0.565 0.225 0.57 0.225 0.585 0.22 0.59 0.21 0.59 0.215 0.595 0.205 0.605 0.195 0.605 0.2 0.61 0.2 0.615 0.195 0.62 0.2 0.625 0.195 0.63 0.195 0.635 0.2 0.64 0.195 0.645 0.2 0.64 0.205 0.64 0.21 0.645 0.215 0.64 0.215 0.63 0.225 0.62 0.23 0.625 0.225 0.62 0.23 0.615 0.235 0.615 0.24 0.61 0.245 0.61 0.25 0.615 0.25 0.62 0.255 0.625 0.25 0.63 0.25 0.635 0.255 0.64 0.25 0.645 0.255 0.65 0.255 0.655 0.26 0.66 0.265 0.655 0.265 0.605 0.26 0.6 0.26 0.57 0.255 0.57 0.25 0.575 0.24 0.565 0.245 0.56 0.26 0.56 0.26 0.555 0.265 0.55 0.26 0.545 0.265 0.54 0.265 0.52 0.26 0.515 0.265 0.51
0 0.165 0.255 0.165 0.3 0.17 0.305 0.17 0.315 0.175 0.32 0.17 0.325 0.17 0.33 0.175 0.335 0.17 0.34 0.175 0.345 0.17 0.35 0.17 0.37 0.18 0.37 0.175 0.365 0.175 0.32 0.18 0.315 0.175 0.31 0.175 0.305 0.18 0.3 0.175 0.295 0.175 0.29 0.18 0.285 0.175 0.28 0.175 0.275 0.18 0.27 0.175 0.265 0.175 0.26 0.17 0.255
