0 0.85 0.255 0.84 0.255 0.83 0.265 0.825 0.265 0.82 0.27 0.82 0.28 0.815 0.285 0.815 0.295 0.805 0.305 0.805 0.31 0.8 0.315 0.8 0.32 0.795 0.325 0.795 0.335 0.79 0.34 0.79 0.345 0.78 0.355 0.78 0.36 0.775 0.365 0.775 0.385 0.77 0.39 0.77 0.505 0.775 0.51 0.775 0.635 0.78 0.64 0.78 0.645 0.785 0.65 0.785 0.655 0.79 0.66 0.795 0.66 0.795 0.65 0.8 0.645 0.8 0.625 0.805 0.62 0.805 0.6 0.81 0.595 0.81 0.58 0.815 0.575 0.815 0.535 0.82 0.53 0.82 0.525 0.845 0.5 0.845 0.495 0.85 0.49 0.85 0.485 0.855 0.48 0.855 0.46 0.86 0.455 0.86 0.41 0.865 0.405 0.865 0.37 0.87 0.365 0.87 0.28 0.865 0.275 0.865 0.27 0.86 0.265 0.86 0.26 0.855 0.26
0 0.865 0.025 0.86 0.03 0.86 0.035 0.855 0.04 0.855 0.155 0.86 0.16 0.865 0.16 0.885 0.14 0.885 0.125 0.89 0.12 0.89 0.065 0.885 0.06 0.885 0.05 0.88 0.045 0.88 0.04
0 0.77 0.0 0.765 0.005 0.765 0.035 0.77 0.04 0.77 0.055 0.775 0.06 0.775 0.07 0.78 0.075 0.78 0.08 0.785 0.085 0.785 0.11 0.79 0.115 0.79 0.12 0.795 0.125 0.795 0.14 0.8 0.145 0.8 0.16 0.805 0.165 0.805 0.175 0.81 0.18 0.815 0.175 0.815 0.125 0.81 0.12 0.81 0.11 0.805 0.105 0.805 0.09 0.8 0.085 0.8 0.07 0.795 0.065 0.795 0.05 0.79 0.045 0.79 0.04 0.785 0.035 0.785 0.03 0.78 0.025 0.78 0.015 0.775 0.01 0.775 0.0
0 0.54 0.01 0.54 0.015 0.535 0.02 0.535 0.075 0.54 0.08 0.54 0.13 0.545 0.135 0.545 0.14 0.55 0.145 0.555 0.145 0.555 0.14 0.56 0.135 0.555 0.13 0.555 0.115 0.56 0.11 0.56 0.075 0.555 0.07 0.555 0.065 0.56 0.06 0.555 0.055 0.555 0.015 0.55 0.01
0 0.51 0.49 0.505 0.495 0.505 0.56 0.51 0.565 0.51 0.575 0.515 0.58 0.515 0.585 0.52 0.585 0.52 0.57 0.525 0.565 0.525 0.5 0.52 0.495 0.52 0.49
0 0.57 0.395 0.565 0.4 0.56 0.4 0.56 0.405 0.555 0.41 0.555 0.425 0.55 0.43 0.55 0.44 0.545 0.445 0.545 0.49 0.555 0.5 0.555 0.51 0.56 0.515 0.56 0.65 0.555 0.655 0.555 0.69 0.56 0.695 0.56 0.7 0.555 0.705 0.56 0.71 0.56 0.725 0.565 0.73 0.56 0.735 0.56 0.74 0.57 0.75 0.58 0.75 0.58 0.66 0.585 0.655 0.58 0.65 0.59 0.64 0.585 0.635 0.595 0.625 0.59 0.62 0.59 0.615 0.595 0.61 0.59 0.605 0.595 0.6 0.595 0.59 0.59 0.585 0.59 0.575 0.585 0.57 0.59 0.565 0.585 0.56 0.585 0.545 0.58 0.54 0.58 0.53 0.585 0.525 0.58 0.52 0.58 0.515 0.585 0.51 0.58 0.505 0.58 0.5 0.575 0.5 0.565 0.49 0.57 0.485 0.565 0.48 0.565 0.455 0.57 0.45 0.565 0.445 0.57 0.44 0.57 0.42 0.575 0.415 0.575 0.4
0 0.325 0.055 0.32 0.055 0.32 0.06 0.31 0.07 0.305 0.07 0.3 0.06 0.29 0.055 0.285 0.06 0.285 0.07 0.275 0.08 0.275 0.16 0.28 0.165 0.28 0.19 0.285 0.195 0.275 0.205 0.265 0.205 0.255 0.19 0.26 0.175 0.245 0.16 0.245 0.15 0.24 0.16 0.24 0.17 0.23 0.175 0.225 0.185 0.21 0.185 0.21 0.19 0.2 0.195 0.2 0.235 0.19 0.245 0.17 0.235 0.175 0.23 0.185 0.23 0.175 0.23 0.165 0.225 0.17 0.235 0.165 0.24 0.165 0.27 0.17 0.275 0.17 0.3 0.175 0.3 0.18 0.29 0.19 0.3 0.175 0.285 0.185 0.28 0.19 0.27 0.185 0.26 0.185 0.25 0.19 0.245 0.2 0.25 0.2 0.27 0.215 0.285 0.215 0.345 0.22 0.35 0.215 0.355 0.215 0.37 0.22 0.375 0.22 0.475 0.215 0.48 0.22 0.49 0.215 0.495 0.215 0.59 0.21 0.595 0.21 0.61 0.215 0.615 0.21 0.625 0.21 0.85 0.215 0.855 0.215 0.865 0.225 0.845 0.225 0.775 0.23 0.77 0.23 0.755 0.235 0.75 0.235 0.665 0.24 0.66 0.24 0.61 0.245 0.605 0.245 0.55 0.25 0.545 0.25 0.53 0.255 0.525 0.255 0.515 0.265 0.505 0.265 0.495 0.27 0.49 0.27 0.455 0.275 0.45 0.27 0.44 0.275 0.435 0.275 0.41 0.28 0.405 0.28 0.39 0.275 0.385 0.28 0.375 0.275 0.365 0.28 0.36 0.275 0.355 0.275 0.33 0.265 0.325 0.265 0.265 0.26 0.26 0.26 0.24 0.265 0.235 0.28 0.235 0.29 0.245 0.3 0.245 0.31 0.235 0.3 0.23 0.305 0.22 0.3 0.215 0.31 0.205 0.32 0.205 0.315 0.2 0.33 0.185 0.33 0.16 0.335 0.155 0.335 0.125 0.34 0.12 0.335 0.115 0.335 0.065
0 0.325 0.875 0.315 0.875 0.315 0.885 0.31 0.89 0.31 0.915 0.305 0.92 0.305 0.945 0.3 0.95 0.3 0.96 0.295 0.965 0.295 0.98 0.29 0.985 0.265 0.985 0.26 0.98 0.26 0.975 0.265 0.97 0.245 0.95 0.245 0.935 0.24 0.93 0.235 0.93 0.23 0.925 0.22 0.925 0.215 0.93 0.215 0.96 0.21 0.965 0.21 0.995 0.26 0.995 0.265 0.99 0.27 0.995 0.275 0.99 0.28 0.995 0.325 0.995 0.325 0.99 0.33 0.985 0.33 0.975 0.335 0.97 0.335 0.96 0.34 0.955 0.34 0.945 0.345 0.94 0.345 0.925 0.34 0.92 0.34 0.915 0.33 0.915 0.325 0.91
0 0.045 0.035 0.04 0.035 0.035 0.04 0.03 0.04 0.025 0.035 0.02 0.04 0.02 0.055 0.015 0.06 0.01 0.06 0.01 0.065 0.0 0.08 0.005 0.085 0.0 0.09 0.0 0.715 0.005 0.72 0.005 0.74 0.01 0.745 0.005 0.75 0.015 0.76 0.01 0.765 0.005 0.765 0.01 0.77 0.01 0.775 0.005 0.78 0.01 0.785 0.005 0.79 0.01 0.795 0.01 0.87 0.005 0.875 0.01 0.88 0.005 0.885 0.005 0.89 0.01 0.895 0.005 0.9 0.0 0.9 0.01 0.91 0.005 0.915 0.01 0.92 0.01 0.925 0.005 0.93 0.0 0.93 0.005 0.935 0.0 0.94 0.0 0.95 0.005 0.955 0.0 0.96 0.0 0.965 0.02 0.965 0.025 0.97 0.035 0.97 0.045 0.96 0.045 0.955 0.05 0.95 0.05 0.94 0.055 0.935 0.055 0.92 0.05 0.915 0.055 0.91 0.05 0.905 0.05 0.875 0.045 0.87 0.045 0.84 0.05 0.835 0.045 0.83 0.045 0.825 0.05 0.82 0.045 0.815 0.045 0.8 0.04 0.795 0.045 0.79 0.04 0.785 0.045 0.78 0.04 0.775 0.04 0.755 0.045 0.75 0.035 0.75 0.03 0.745 0.035 0.74 0.035 0.72 0.045 0.705 0.045 0.655 0.04 0.65 0.04 0.645 0.045 0.64 0.04 0.635 0.04 0.63 0.045 0.625 0.04 0.62 0.045 0.615 0.045 0.55 0.05 0.545 0.05 0.54 0.045 0.535 0.05 0.53 0.045 0.525 0.05 0.52 0.05 0.5 0.055 0.495 0.055 0.45 0.05 0.445 0.05 0.42 0.045 0.415 0.045 0.285 0.05 0.28 0.045 0.275 0.05 0.27 0.05 0.26 0.065 0.235 0.06 0.23 0.06 0.225 0.065 0.22 0.06 0.215 0.06 0.21 0.065 0.205 0.065 0.195 0.07 0.19 0.065 0.185 0.065 0.18 0.07 0.175 0.065 0.17 0.065 0.165 0.07 0.16 0.065 0.155 0.065 0.15 0.07 0.145 0.065 0.14 0.065 0.12 0.06 0.115 0.065 0.11 0.06 0.105 0.06 0.055 0.045 0.04
0 0.325 0.25 0.325 0.265 0.32 0.27 0.32 0.355 0.325 0.36 0.335 0.36 0.335 0.315 0.34 0.31 0.34 0.305 0.335 0.3 0.34 0.295 0.34 0.29 0.335 0.285 0.34 0.28 0.34 0.275 0.335 0.27 0.335 0.255 0.33 0.25
