0 0.29 0.0 0.255 0.0 0.255 0.04 0.25 0.045 0.25 0.065 0.245 0.07 0.245 0.16 0.24 0.165 0.24 0.21 0.235 0.215 0.235 0.275 0.23 0.28 0.235 0.285 0.23 0.29 0.235 0.295 0.235 0.305 0.23 0.31 0.23 0.325 0.235 0.33 0.235 0.335 0.24 0.34 0.24 0.35 0.245 0.355 0.245 0.36 0.25 0.365 0.25 0.375 0.26 0.375 0.265 0.38 0.265 0.375 0.27 0.37 0.27 0.345 0.275 0.34 0.275 0.325 0.28 0.32 0.28 0.3 0.285 0.295 0.285 0.275 0.29 0.27 0.29 0.22 0.295 0.215 0.295 0.19 0.29 0.185 0.29 0.165 0.295 0.16 0.29 0.155 0.295 0.15 0.295 0.13 0.29 0.125 0.295 0.12 0.29 0.115
0 0.255 0.0 0.255 0.045 0.25 0.05 0.25 0.065 0.245 0.07 0.245 0.155 0.24 0.16 0.24 0.21 0.235 0.215 0.235 0.245 0.23 0.25 0.23 0.35 0.235 0.355 0.235 0.365 0.24 0.37 0.24 0.395 0.255 0.405 0.255 0.41 0.26 0.415 0.26 0.425 0.28 0.46 0.28 0.475 0.275 0.48 0.275 0.56 0.27 0.565 0.27 0.585 0.265 0.59 0.26 0.59 0.26 0.64 0.255 0.645 0.255 0.66 0.25 0.665 0.25 0.685 0.255 0.69 0.25 0.695 0.25 0.7 0.255 0.705 0.255 0.745 0.26 0.75 0.26 0.8 0.255 0.805 0.255 0.815 0.25 0.82 0.25 0.825 0.255 0.83 0.25 0.835 0.25 0.85 0.245 0.855 0.25 0.86 0.25 0.865 0.245 0.87 0.245 0.875 0.25 0.88 0.245 0.885 0.25 0.89 0.25 0.935 0.255 0.94 0.25 0.945 0.245 0.945 0.245 0.95 0.25 0.955 0.245 0.96 0.245 0.965 0.26 0.965 0.265 0.97 0.265 0.98 0.265 0.975 0.27 0.97 0.275 0.97 0.28 0.975 0.28 0.98 0.295 0.965 0.295 0.93 0.29 0.925 0.29 0.92 0.295 0.915 0.29 0.91 0.29 0.895 0.285 0.89 0.29 0.885 0.285 0.88 0.285 0.74 0.29 0.735 0.29 0.715 0.295 0.71 0.295 0.695 0.3 0.69 0.3 0.67 0.305 0.665 0.305 0.63 0.3 0.625 0.305 0.62 0.305 0.615 0.3 0.61 0.3 0.585 0.295 0.58 0.3 0.575 0.3 0.455 0.295 0.45 0.295 0.435 0.285 0.42 0.285 0.405 0.28 0.4 0.28 0.385 0.275 0.38 0.275 0.335 0.28 0.33 0.28 0.305 0.285 0.3 0.285 0.28 0.29 0.275 0.29 0.25 0.295 0.245 0.295 0.04 0.29 0.035 0.29 0.0
0 0.205 0.565 0.2 0.57 0.2 0.575 0.195 0.58 0.195 0.59 0.2 0.595 0.2 0.6 0.195 0.605 0.195 0.665 0.2 0.67 0.2 0.68 0.205 0.685 0.205 0.69 0.21 0.695 0.21 0.705 0.215 0.705 0.22 0.71 0.225 0.705 0.225 0.685 0.22 0.68 0.22 0.605 0.215 0.6 0.215 0.575
0 0.83 0.03 0.825 0.03 0.825 0.035 0.82 0.04 0.82 0.05 0.815 0.055 0.815 0.08 0.81 0.085 0.81 0.1 0.805 0.105 0.81 0.11 0.8 0.125 0.795 0.12 0.79 0.12 0.785 0.125 0.785 0.305 0.78 0.31 0.78 0.335 0.775 0.34 0.775 0.395 0.77 0.4 0.77 0.535 0.775 0.54 0.775 0.7 0.78 0.705 0.78 0.715 0.775 0.72 0.775 0.74 0.765 0.755 0.765 0.78 0.76 0.785 0.76 0.8 0.755 0.805 0.755 0.84 0.76 0.845 0.76 0.9 0.765 0.905 0.77 0.92 0.78 0.92 0.78 0.745 0.785 0.74 0.785 0.725 0.79 0.72 0.79 0.675 0.795 0.67 0.795 0.63 0.79 0.625 0.79 0.61 0.795 0.605 0.79 0.6 0.79 0.44 0.795 0.435 0.795 0.315 0.8 0.31 0.8 0.25 0.805 0.245 0.805 0.24 0.81 0.235 0.81 0.225 0.815 0.22 0.81 0.215 0.81 0.205 0.815 0.2 0.815 0.185 0.81 0.18 0.815 0.175 0.815 0.155 0.82 0.15 0.82 0.13 0.825 0.125 0.825 0.105 0.83 0.1 0.83 0.07 0.835 0.065 0.835 0.035
0 0.95 0.54 0.945 0.545 0.945 0.625 0.94 0.63 0.94 0.68 0.945 0.685 0.95 0.685 0.95 0.67 0.955 0.665 0.955 0.64 0.96 0.635 0.96 0.57 0.955 0.565 0.955 0.545
0 0.545 0.825 0.505 0.825 0.505 0.83 0.5 0.835 0.5 0.85 0.495 0.855 0.495 0.87 0.49 0.875 0.49 0.915 0.495 0.92 0.495 0.935 0.5 0.94 0.5 0.95 0.505 0.955 0.505 0.985 0.51 0.99 0.51 0.995 0.52 0.995 0.525 0.99 0.53 0.99 0.545 0.975 0.545 0.97 0.55 0.965 0.55 0.945 0.555 0.94 0.555 0.895 0.56 0.89 0.56 0.85 0.555 0.845 0.555 0.835
0 0.47 0.925 0.465 0.925 0.46 0.93 0.46 0.94 0.455 0.945 0.455 0.96 0.45 0.965 0.455 0.97 0.455 0.995 0.475 0.995 0.475 0.93
0 0.48 0.57 0.48 0.58 0.475 0.585 0.475 0.595 0.47 0.6 0.47 0.645 0.465 0.65 0.465 0.7 0.47 0.705 0.47 0.71 0.475 0.715 0.475 0.72 0.48 0.72 0.485 0.715 0.485 0.705 0.495 0.695 0.495 0.68 0.5 0.675 0.5 0.635 0.495 0.63 0.495 0.61 0.5 0.605 0.495 0.6 0.495 0.595 0.5 0.59 0.495 0.585 0.495 0.58 0.49 0.575 0.485 0.575
0 0.585 0.29 0.585 0.295 0.58 0.3 0.58 0.32 0.575 0.325 0.575 0.42 0.585 0.43 0.585 0.44 0.59 0.445 0.59 0.455 0.6 0.455 0.605 0.45 0.605 0.445 0.61 0.44 0.61 0.355 0.605 0.355 0.595 0.345 0.595 0.305 0.59 0.3 0.59 0.29
0 0.485 0.135 0.48 0.14 0.48 0.265 0.485 0.27 0.485 0.285 0.495 0.285 0.495 0.245 0.5 0.24 0.5 0.23 0.495 0.225 0.495 0.135
