0 0.715 0.365 0.71 0.37 0.71 0.53 0.715 0.535 0.715 0.585 0.72 0.59 0.72 0.61 0.725 0.615 0.725 0.62 0.73 0.62 0.735 0.615 0.735 0.605 0.74 0.6 0.74 0.585 0.745 0.58 0.745 0.5 0.74 0.495 0.74 0.49 0.735 0.485 0.735 0.475 0.73 0.47 0.73 0.44 0.725 0.435 0.725 0.38 0.72 0.375 0.72 0.37
0 0.675 0.325 0.67 0.325 0.665 0.33 0.665 0.335 0.66 0.34 0.665 0.345 0.665 0.355 0.66 0.36 0.66 0.375 0.665 0.38 0.665 0.385 0.66 0.39 0.665 0.395 0.665 0.425 0.67 0.43 0.67 0.495 0.675 0.5 0.67 0.505 0.675 0.51 0.675 0.515 0.67 0.52 0.675 0.525 0.675 0.53 0.67 0.535 0.67 0.56 0.665 0.565 0.67 0.57 0.665 0.575 0.665 0.605 0.66 0.61 0.66 0.625 0.655 0.63 0.655 0.64 0.65 0.645 0.65 0.655 0.64 0.665 0.64 0.67 0.635 0.675 0.635 0.695 0.63 0.7 0.63 0.8 0.635 0.805 0.635 0.82 0.64 0.825 0.64 0.83 0.645 0.83 0.65 0.835 0.65 0.845 0.655 0.845 0.665 0.855 0.67 0.85 0.67 0.84 0.675 0.835 0.675 0.79 0.68 0.785 0.68 0.745 0.685 0.74 0.685 0.715 0.69 0.71 0.69 0.56 0.685 0.555 0.685 0.49 0.68 0.485 0.68 0.455 0.675 0.45 0.675 0.445 0.67 0.44 0.675 0.435 0.675 0.375 0.68 0.37 0.68 0.33
0 0.79 0.25 0.77 0.25 0.765 0.255 0.765 0.265 0.76 0.27 0.765 0.275 0.765 0.33 0.77 0.335 0.77 0.365 0.775 0.37 0.775 0.38 0.78 0.38 0.78 0.375 0.785 0.37 0.785 0.365 0.79 0.36 0.79 0.35 0.795 0.345 0.795 0.335 0.8 0.33 0.8 0.31 0.805 0.305 0.805 0.3 0.8 0.295 0.8 0.27 0.795 0.265 0.795 0.255
0 0.815 0.805 0.815 0.83 0.81 0.835 0.81 0.85 0.815 0.855 0.815 0.865 0.82 0.87 0.825 0.87 0.825 0.865 0.83 0.86 0.83 0.855 0.825 0.85 0.825 0.805
0 0.8 0.505 0.8 0.51 0.795 0.515 0.795 0.54 0.8 0.545 0.8 0.575 0.805 0.58 0.81 0.575 0.81 0.555 0.815 0.55 0.815 0.545 0.81 0.54 0.815 0.535 0.81 0.53 0.81 0.51 0.805 0.505
0 0.595 0.25 0.595 0.29 0.6 0.295 0.605 0.295 0.605 0.285 0.61 0.28 0.605 0.275 0.605 0.255 0.6 0.25
0 0.445 0.0 0.435 0.0 0.435 0.03 0.43 0.035 0.43 0.11 0.435 0.115 0.435 0.125 0.435 0.115 0.44 0.11 0.44 0.1 0.445 0.095
0 0.245 0.29 0.245 0.325 0.24 0.33 0.25 0.34 0.25 0.345 0.25 0.29
0 0.185 0.17 0.175 0.18 0.175 0.245 0.17 0.25 0.175 0.255 0.175 0.265 0.185 0.275 0.195 0.265 0.195 0.225 0.2 0.22 0.2 0.2 0.195 0.195 0.195 0.18
0 0.025 0.085 0.025 0.095 0.02 0.1 0.02 0.14 0.025 0.145 0.025 0.155 0.03 0.155 0.035 0.15 0.035 0.145 0.04 0.14 0.04 0.1 0.035 0.095 0.035 0.09 0.03 0.085
