0 0.68 0.0 0.63 0.0 0.63 0.025 0.625 0.03 0.625 0.205 0.615 0.215 0.615 0.22 0.61 0.225 0.61 0.245 0.605 0.25 0.605 0.31 0.61 0.315 0.61 0.4 0.615 0.405 0.615 0.435 0.62 0.44 0.62 0.51 0.625 0.515 0.625 0.645 0.62 0.65 0.62 0.675 0.615 0.68 0.615 0.715 0.62 0.715 0.625 0.71 0.625 0.705 0.635 0.69 0.635 0.67 0.64 0.665 0.64 0.645 0.645 0.64 0.645 0.615 0.65 0.61 0.65 0.535 0.655 0.53 0.655 0.49 0.66 0.485 0.655 0.48 0.66 0.475 0.66 0.445 0.655 0.44 0.655 0.435 0.66 0.43 0.655 0.425 0.66 0.42 0.66 0.415 0.655 0.41 0.66 0.405 0.66 0.3 0.665 0.295 0.665 0.24 0.67 0.235 0.665 0.23 0.67 0.225 0.67 0.16 0.675 0.155 0.675 0.11 0.68 0.105
0 0.81 0.865 0.805 0.87 0.81 0.875 0.805 0.88 0.805 0.9 0.81 0.905 0.805 0.91 0.805 0.935 0.81 0.94 0.81 0.945 0.805 0.95 0.805 0.965 0.81 0.97 0.81 0.985 0.815 0.985 0.81 0.98 0.81 0.975 0.815 0.97 0.81 0.965 0.81 0.96 0.815 0.955 0.815 0.93 0.81 0.925 0.815 0.92 0.81 0.915 0.81 0.875 0.815 0.87
0 0.865 0.565 0.86 0.565 0.85 0.575 0.85 0.585 0.845 0.59 0.845 0.595 0.84 0.6 0.84 0.615 0.835 0.62 0.835 0.74 0.83 0.745 0.835 0.75 0.835 0.855 0.84 0.86 0.84 0.865 0.835 0.87 0.84 0.875 0.84 0.88 0.835 0.885 0.84 0.89 0.84 0.895 0.835 0.9 0.84 0.905 0.84 0.91 0.835 0.915 0.84 0.92 0.84 0.925 0.835 0.93 0.84 0.935 0.84 0.94 0.835 0.945 0.835 0.965 0.84 0.97 0.835 0.975 0.835 0.99 0.84 0.995 0.855 0.995 0.855 0.975 0.85 0.97 0.85 0.87 0.855 0.865 0.855 0.855 0.86 0.85 0.86 0.83 0.865 0.825 0.865 0.8 0.87 0.795 0.87 0.77 0.875 0.765 0.875 0.725 0.87 0.72 0.87 0.705 0.865 0.7 0.865 0.665 0.87 0.66 0.865 0.655 0.87 0.65 0.87 0.625 0.875 0.62 0.87 0.615 0.87 0.57
0 0.7 0.525 0.695 0.525 0.69 0.53 0.69 0.565 0.685 0.57 0.685 0.63 0.69 0.635 0.685 0.64 0.685 0.645 0.69 0.65 0.69 0.66 0.695 0.665 0.695 0.67 0.695 0.645 0.7 0.64 0.7 0.595 0.705 0.59 0.705 0.575 0.7 0.57
0 0.76 0.13 0.76 0.175 0.755 0.18 0.755 0.22 0.76 0.225 0.76 0.245 0.765 0.25 0.77 0.25 0.775 0.245 0.775 0.24 0.78 0.235 0.78 0.22 0.785 0.215 0.785 0.145 0.78 0.14 0.78 0.135 0.775 0.13
0 0.17 0.74 0.17 0.815 0.18 0.815 0.185 0.82 0.185 0.83 0.19 0.825 0.19 0.805 0.185 0.8 0.19 0.795 0.19 0.79 0.185 0.785 0.185 0.74
0 0.13 0.645 0.135 0.65 0.125 0.66 0.125 0.71 0.12 0.715 0.12 0.74 0.13 0.75 0.13 0.755 0.135 0.76 0.135 0.77 0.14 0.775 0.14 0.785 0.145 0.785 0.145 0.775 0.15 0.77 0.15 0.765 0.145 0.76 0.145 0.745 0.14 0.74 0.14 0.715 0.135 0.71 0.135 0.645
0 0.08 0.52 0.08 0.535 0.075 0.54 0.08 0.545 0.075 0.55 0.075 0.675 0.08 0.68 0.08 0.705 0.085 0.71 0.085 0.72 0.09 0.72 0.09 0.705 0.095 0.7 0.095 0.615 0.09 0.61 0.095 0.605 0.09 0.6 0.09 0.52
0 0.145 0.0 0.06 0.0 0.055 0.005 0.06 0.01 0.06 0.03 0.065 0.035 0.065 0.05 0.07 0.055 0.07 0.08 0.075 0.085 0.07 0.09 0.07 0.095 0.075 0.1 0.075 0.17 0.07 0.175 0.07 0.27 0.075 0.275 0.075 0.285 0.075 0.275 0.08 0.27 0.08 0.26 0.085 0.255 0.085 0.245 0.09 0.24 0.09 0.2 0.095 0.195 0.095 0.16 0.1 0.155 0.095 0.15 0.1 0.145 0.1 0.125 0.095 0.12 0.1 0.115 0.1 0.08 0.11 0.07 0.115 0.075 0.115 0.1 0.12 0.105 0.115 0.11 0.12 0.115 0.12 0.17 0.115 0.175 0.12 0.18 0.12 0.19 0.125 0.195 0.12 0.2 0.12 0.215 0.125 0.22 0.125 0.265 0.12 0.27 0.115 0.27 0.11 0.265 0.11 0.255 0.1 0.265 0.1 0.28 0.095 0.285 0.1 0.29 0.1 0.325 0.09 0.34 0.09 0.38 0.085 0.385 0.085 0.42 0.08 0.425 0.085 0.43 0.085 0.435 0.08 0.44 0.085 0.445 0.085 0.495 0.09 0.495 0.09 0.49 0.095 0.485 0.09 0.48 0.09 0.475 0.095 0.47 0.095 0.46 0.1 0.455 0.105 0.455 0.11 0.46 0.11 0.47 0.115 0.47 0.11 0.465 0.115 0.46 0.115 0.445 0.12 0.44 0.12 0.42 0.125 0.415 0.125 0.385 0.13 0.38 0.13 0.365 0.145 0.34 0.145 0.325 0.15 0.32 0.15 0.31 0.16 0.3 0.16 0.285 0.165 0.28 0.165 0.27 0.17 0.265 0.17 0.205 0.165 0.2 0.165 0.18 0.16 0.175 0.16 0.145 0.155 0.14 0.155 0.13 0.145 0.115 0.145 0.1 0.14 0.095 0.14 0.085 0.135 0.08 0.135 0.065 0.13 0.06 0.13 0.055 0.135 0.05 0.135 0.04 0.14 0.035 0.14 0.025 0.145 0.02
0 0.37 0.435 0.37 0.45 0.365 0.455 0.365 0.47 0.36 0.475 0.36 0.495 0.355 0.5 0.36 0.505 0.36 0.515 0.365 0.52 0.365 0.55 0.37 0.555 0.37 0.585 0.37 0.565 0.375 0.56 0.38 0.565 0.38 0.6 0.375 0.605 0.38 0.61 0.38 0.7 0.375 0.705 0.37 0.705 0.375 0.705 0.38 0.71 0.375 0.715 0.37 0.715 0.37 0.725 0.375 0.73 0.37 0.735 0.375 0.74 0.375 0.77 0.37 0.775 0.375 0.78 0.37 0.785 0.375 0.79 0.37 0.795 0.37 0.825 0.365 0.83 0.365 0.91 0.37 0.915 0.37 0.97 0.375 0.975 0.37 0.98 0.37 0.99 0.38 0.99 0.38 0.975 0.375 0.97 0.375 0.96 0.38 0.955 0.38 0.87 0.385 0.865 0.385 0.855 0.39 0.85 0.39 0.79 0.385 0.785 0.39 0.78 0.38 0.77 0.38 0.765 0.385 0.76 0.39 0.765 0.385 0.76 0.385 0.755 0.39 0.75 0.39 0.74 0.395 0.735 0.39 0.73 0.395 0.725 0.395 0.72 0.39 0.715 0.39 0.71 0.395 0.705 0.39 0.7 0.39 0.695 0.395 0.69 0.395 0.655 0.4 0.65 0.4 0.63 0.405 0.625 0.4 0.62 0.405 0.615 0.405 0.6 0.41 0.595 0.405 0.59 0.405 0.585 0.41 0.58 0.41 0.555 0.42 0.545 0.42 0.535 0.425 0.53 0.425 0.52 0.43 0.515 0.425 0.51 0.43 0.505 0.43 0.49 0.435 0.485 0.435 0.45 0.43 0.445 0.425 0.45 0.42 0.45 0.415 0.455 0.415 0.465 0.41 0.47 0.41 0.48 0.405 0.485 0.4 0.48 0.4 0.495 0.395 0.5 0.38 0.5 0.375 0.495 0.375 0.49 0.38 0.485 0.375 0.48 0.375 0.45 0.37 0.445 0.375 0.44
0 0.4 0.27 0.395 0.275 0.395 0.285 0.39 0.29 0.39 0.295 0.395 0.3 0.395 0.315 0.4 0.32 0.4 0.33 0.405 0.335 0.41 0.335 0.415 0.34 0.415 0.335 0.42 0.33 0.42 0.29
