0 0.28 0.395 0.27 0.395 0.26 0.405 0.26 0.42 0.255 0.425 0.255 0.57 0.26 0.57 0.265 0.565 0.265 0.555 0.27 0.55 0.27 0.525 0.275 0.52 0.275 0.48 0.28 0.475
0 0.325 0.365 0.32 0.365 0.32 0.38 0.315 0.385 0.315 0.39 0.32 0.395 0.32 0.42 0.315 0.425 0.315 0.455 0.31 0.46 0.31 0.5 0.305 0.505 0.305 0.51 0.31 0.515 0.305 0.52 0.305 0.575 0.31 0.58 0.315 0.575 0.315 0.545 0.32 0.54 0.32 0.49 0.325 0.485 0.325 0.425 0.33 0.42 0.33 0.37
0 0.365 0.08 0.36 0.085 0.36 0.13 0.365 0.135 0.365 0.21 0.36 0.215 0.36 0.25 0.365 0.255 0.365 0.26 0.37 0.26 0.37 0.235 0.375 0.23 0.375 0.09
0 0.91 0.355 0.9 0.355 0.9 0.36 0.895 0.365 0.885 0.365 0.885 0.37 0.88 0.375 0.88 0.41 0.885 0.415 0.885 0.425 0.89 0.43 0.89 0.44 0.895 0.445 0.895 0.51 0.9 0.515 0.9 0.525 0.905 0.52 0.905 0.515 0.91 0.51 0.905 0.505 0.91 0.5 0.905 0.495 0.905 0.49 0.91 0.485 0.91 0.465 0.915 0.46 0.915 0.36
0 0.19 0.23 0.185 0.23 0.185 0.235 0.18 0.24 0.18 0.27 0.175 0.275 0.175 0.345 0.18 0.35 0.185 0.345 0.185 0.34 0.19 0.335
0 0.095 0.385 0.09 0.39 0.09 0.395 0.085 0.4 0.085 0.495 0.09 0.495 0.09 0.475 0.095 0.47 0.095 0.42 0.1 0.415 0.1 0.39
0 0.105 0.68 0.1 0.685 0.1 0.735 0.105 0.74 0.105 0.745 0.11 0.74 0.11 0.685
0 0.135 0.635 0.125 0.645 0.125 0.655 0.12 0.66 0.12 0.71 0.13 0.71 0.135 0.705 0.135 0.695 0.14 0.69 0.14 0.64
0 0.34 0.51 0.34 0.575 0.335 0.58 0.335 0.63 0.34 0.635 0.34 0.64 0.34 0.635 0.345 0.63 0.345 0.61 0.35 0.605 0.35 0.55 0.345 0.545 0.345 0.525 0.34 0.52
0 0.36 0.36 0.355 0.36 0.355 0.37 0.35 0.375 0.35 0.43 0.355 0.43 0.355 0.425 0.36 0.42
0 0.14 0.35 0.135 0.35 0.135 0.365 0.13 0.37 0.12 0.37 0.12 0.38 0.115 0.385 0.11 0.38 0.11 0.385 0.105 0.39 0.1 0.385 0.09 0.385 0.09 0.39 0.085 0.395 0.085 0.49 0.09 0.495 0.085 0.5 0.09 0.5 0.095 0.495 0.095 0.47 0.1 0.465 0.105 0.465 0.105 0.46 0.11 0.455 0.125 0.455 0.125 0.445 0.13 0.44 0.13 0.435 0.135 0.43 0.14 0.43 0.145 0.425 0.15 0.425 0.15 0.42 0.145 0.415 0.15 0.41 0.15 0.405 0.145 0.4 0.15 0.395 0.15 0.39 0.145 0.385 0.15 0.38 0.15 0.37 0.145 0.365 0.145 0.355
0 0.515 0.265 0.515 0.28 0.505 0.29 0.5 0.29 0.5 0.295 0.495 0.3 0.495 0.33 0.49 0.335 0.49 0.34 0.48 0.355 0.465 0.355 0.46 0.35 0.46 0.34 0.455 0.335 0.45 0.34 0.445 0.34 0.445 0.35 0.44 0.355 0.435 0.355 0.44 0.355 0.445 0.36 0.44 0.365 0.43 0.365 0.42 0.375 0.405 0.365 0.4 0.37 0.395 0.37 0.39 0.365 0.38 0.365 0.37 0.355 0.365 0.355 0.36 0.35 0.355 0.355 0.34 0.355 0.34 0.36 0.335 0.365 0.325 0.355 0.32 0.355 0.32 0.36 0.315 0.365 0.305 0.365 0.305 0.375 0.3 0.38 0.295 0.375 0.29 0.375 0.285 0.38 0.275 0.38 0.265 0.39 0.26 0.385 0.26 0.405 0.25 0.42 0.25 0.56 0.255 0.565 0.25 0.57 0.255 0.575 0.255 0.58 0.27 0.58 0.27 0.56 0.275 0.555 0.28 0.555 0.29 0.565 0.29 0.56 0.295 0.555 0.305 0.565 0.305 0.575 0.3 0.58 0.31 0.59 0.305 0.595 0.31 0.595 0.325 0.605 0.32 0.61 0.305 0.61 0.305 0.615 0.31 0.62 0.305 0.625 0.305 0.63 0.31 0.635 0.31 0.65 0.31 0.64 0.325 0.63 0.325 0.595 0.33 0.59 0.335 0.595 0.335 0.63 0.34 0.635 0.335 0.64 0.34 0.64 0.34 0.63 0.345 0.625 0.345 0.595 0.35 0.59 0.35 0.545 0.345 0.54 0.35 0.535 0.345 0.53 0.345 0.5 0.34 0.495 0.34 0.49 0.345 0.485 0.34 0.48 0.35 0.47 0.35 0.46 0.355 0.455 0.39 0.455 0.395 0.46 0.4 0.475 0.405 0.475 0.41 0.47 0.41 0.465 0.43 0.445 0.445 0.455 0.445 0.49 0.45 0.495 0.455 0.495 0.46 0.49 0.46 0.425 0.465 0.42 0.47 0.42 0.47 0.405 0.465 0.405 0.46 0.4 0.465 0.395 0.475 0.395 0.48 0.39 0.485 0.39 0.48 0.385 0.495 0.375 0.49 0.37 0.5 0.36 0.495 0.355 0.5 0.35 0.5 0.345 0.51 0.33 0.51 0.315 0.515 0.31
0 0.0 0.0 0.0 0.995 0.995 0.995 0.995 0.0
0 0.105 0.685 0.105 0.69 0.1 0.695 0.1 0.73 0.105 0.735 0.105 0.745 0.11 0.74 0.11 0.695 0.105 0.69
0 0.26 0.64 0.26 0.665 0.255 0.67 0.255 0.675 0.25 0.68 0.25 0.7 0.24 0.71 0.24 0.715 0.235 0.72 0.235 0.74 0.245 0.74 0.25 0.735 0.26 0.735 0.265 0.73 0.265 0.72 0.27 0.715 0.265 0.71 0.27 0.705 0.27 0.67 0.275 0.665 0.27 0.665 0.265 0.66 0.265 0.645
0 0.505 0.62 0.5 0.62 0.495 0.625 0.495 0.665 0.49 0.67 0.49 0.675 0.5 0.685 0.505 0.68 0.505 0.675 0.51 0.67 0.51 0.63 0.505 0.625
0 0.26 0.54 0.26 0.545 0.255 0.55 0.26 0.555 0.26 0.56 0.255 0.565 0.26 0.57 0.255 0.575 0.255 0.58 0.265 0.59 0.265 0.555 0.27 0.55
0 0.34 0.51 0.335 0.51 0.34 0.515 0.335 0.52 0.335 0.525 0.34 0.53 0.335 0.535 0.335 0.575 0.33 0.58 0.325 0.575 0.32 0.575 0.315 0.57 0.315 0.565 0.31 0.56 0.315 0.555 0.31 0.55 0.31 0.545 0.305 0.55 0.305 0.56 0.31 0.565 0.31 0.57 0.305 0.575 0.305 0.59 0.31 0.595 0.31 0.6 0.315 0.6 0.31 0.595 0.315 0.59 0.32 0.59 0.33 0.6 0.33 0.605 0.32 0.615 0.315 0.615 0.31 0.61 0.305 0.61 0.305 0.635 0.3 0.64 0.3 0.665 0.295 0.67 0.305 0.68 0.305 0.685 0.3 0.69 0.305 0.695 0.31 0.695 0.31 0.69 0.315 0.685 0.315 0.675 0.32 0.67 0.32 0.665 0.335 0.65 0.34 0.65 0.34 0.645 0.345 0.64 0.345 0.63 0.35 0.625 0.35 0.545 0.345 0.54 0.345 0.53 0.34 0.525
0 0.45 0.435 0.45 0.445 0.445 0.45 0.445 0.455 0.45 0.46 0.45 0.49 0.46 0.49 0.46 0.48 0.455 0.475 0.455 0.47 0.46 0.465 0.455 0.46 0.46 0.455 0.455 0.45 0.455 0.435
